Grass|Grass Clump 1|-210.72 33.5329 -37.44|0 14.4 0|0.9075 0.9075 0.9075|0
Grass|Grass Clump 2|10.08 6.73443 7.67999|0 285.84 0|0.876 0.876 0.876|0
Grass|Grass Clump 3|108.96 6.41001 -74.88|0 147.24 0|1.209 1.209 1.209|0
Grass|Grass Clump 4|-219.84 33.8983 144.48|0 77.4 0|0.821 0.821 0.821|0
Grass|Grass Clump 5|-209.76 33.77 -149.28|0 184.32 0|1.206 1.206 1.206|0
Grass|Grass Clump 6|38.4 2.9862 -151.2|0 169.92 0|1.0275 1.0275 1.0275|0
Grass|Grass Clump 7|-60.48 2.08675 -144.96|0 95.76 0|0.9005 0.9005 0.9005|0
Grass|Grass Clump 8|-172.8 32.6803 -176.16|0 171 0|1.0265 1.0265 1.0265|0
Grass|Grass Clump 9|-214.08 31.5751 -233.76|0 347.76 0|1.2725 1.2725 1.2725|0
Grass|Grass Clump 10|-127.68 33.9 -200.64|0 103.68 0|1.1705 1.1705 1.1705|0
Grass|Grass Clump 11|108.96 34.722 -190.56|0 255.96 0|0.8765 0.8765 0.8765|0
Grass|Grass Clump 12|-31.2 -0.656459 -25.44|0 54.36 0|1.1595 1.1595 1.1595|0
Grass|Grass Clump 13|-131.04 15.3911 -135.84|0 30.6 0|1.2925 1.2925 1.2925|0
Grass|Grass Clump 14|187.2 38.0774 -146.88|0 42.84 0|1.1495 1.1495 1.1495|0
Grass|Grass Clump 15|172.32 36.9638 -175.2|0 335.52 0|1.238 1.238 1.238|0
Grass|Grass Clump 16|-212.16 30.8098 222.24|0 100.8 0|1.065 1.065 1.065|0
Grass|Grass Clump 17|-155.52 21.6535 -121.92|0 191.16 0|1.082 1.082 1.082|0
Grass|Grass Clump 18|219.36 38.2603 193.44|0 294.84 0|0.9175 0.9175 0.9175|0
Grass|Grass Clump 19|46.08 26.4699 -38.88|0 287.28 0|1.0495 1.0495 1.0495|0
Grass|Grass Clump 20|-228 35.8296 89.76|0 41.76 0|0.947 0.947 0.947|0
Grass|Grass Clump 21|46.56 34.3839 198.72|0 151.2 0|0.8695 0.8695 0.8695|0
Grass|Grass Clump 22|24 37.135 239.04|0 31.32 0|1.2705 1.2705 1.2705|0
Grass|Grass Clump 23|163.2 38.0458 163.68|0 147.6 0|0.887 0.887 0.887|0
Grass|Grass Clump 24|109.92 22.1419 151.2|0 167.04 0|1.267 1.267 1.267|0
Grass|Grass Clump 25|134.4 34.9545 217.92|0 14.04 0|1.2275 1.2275 1.2275|0
Grass|Grass Clump 26|192 39.2548 -88.32|0 92.52 0|1.2095 1.2095 1.2095|0
Grass|Grass Clump 27|-27.36 -0.190377 -23.04|0 100.08 0|1.1195 1.1195 1.1195|0
Grass|Grass Clump 28|-188.64 31.8496 -213.12|0 192.96 0|0.8245 0.8245 0.8245|0
Grass|Grass Clump 29|-126.24 33.3599 -181.44|0 224.28 0|1.0045 1.0045 1.0045|0
Grass|Grass Clump 30|-174.24 32.6915 -210.24|0 85.68 0|0.906 0.906 0.906|0
Grass|Grass Clump 31|234.72 37.8137 -227.04|0 10.8 0|1.1075 1.1075 1.1075|0
Grass|Grass Clump 32|-143.52 2.07305 1.92|0 187.56 0|1.005 1.005 1.005|0
Grass|Grass Clump 33|-77.76 1.79922 -136.32|0 251.28 0|0.873 0.873 0.873|0
Grass|Grass Clump 34|-126.24 2.45758 86.88|0 165.24 0|0.9855 0.9855 0.9855|0
Grass|Grass Clump 35|224.16 37.1607 -127.68|0 322.2 0|0.867 0.867 0.867|0
Grass|Grass Clump 36|-119.52 35.0137 183.84|0 351.72 0|1.012 1.012 1.012|0
Grass|Grass Clump 37|141.6 4.66262 25.44|0 59.04 0|0.8415 0.8415 0.8415|0
Grass|Grass Clump 38|221.76 38.047 179.52|0 42.12 0|0.9205 0.9205 0.9205|0
Grass|Grass Clump 39|141.12 5.7829 38.88|0 149.04 0|0.9665 0.9665 0.9665|0
Grass|Grass Clump 40|-116.16 33.3595 -191.04|0 226.44 0|1.1145 1.1145 1.1145|0
Grass|Grass Clump 41|194.88 39.1661 86.88|0 254.88 0|1.2225 1.2225 1.2225|0
Grass|Grass Clump 42|71.52 4.19283 54.24|0 236.52 0|0.8825 0.8825 0.8825|0
Grass|Grass Clump 43|120.48 5.35647 -31.2|0 331.56 0|1.1115 1.1115 1.1115|0
Grass|Grass Clump 44|89.76 34.9782 -213.6|0 273.96 0|0.9605 0.9605 0.9605|0
Grass|Grass Clump 45|-221.28 31.3062 -194.88|0 209.16 0|1.145 1.145 1.145|0
Grass|Grass Clump 46|164.64 11.9193 -9.60001|0 174.24 0|0.873 0.873 0.873|0
Grass|Grass Clump 47|96.96 9.12666 -1.44|0 7.2 0|1.037 1.037 1.037|0
Grass|Grass Clump 48|-38.88 0.227527 -12.48|0 173.52 0|1.1275 1.1275 1.1275|0
Grass|Grass Clump 49|111.36 7.94031 100.32|0 255.24 0|0.8685 0.8685 0.8685|0
Grass|Grass Clump 50|170.88 39.7507 121.44|0 50.4 0|1.0365 1.0365 1.0365|0
Grass|Grass Clump 51|-112.32 2.38804 83.52|0 275.04 0|1.061 1.061 1.061|0
Grass|Grass Clump 52|-132.48 2.58837 69.6|0 318.96 0|0.935 0.935 0.935|0
Grass|Grass Clump 53|-197.28 31.4907 -219.84|0 3.24 0|1.218 1.218 1.218|0
Grass|Grass Clump 54|-192.96 32.0654 183.84|0 30.24 0|1.0565 1.0565 1.0565|0
Grass|Grass Clump 55|84 14.3133 -157.44|0 325.08 0|1.163 1.163 1.163|0
Grass|Grass Clump 56|100.32 34.3267 -218.88|0 331.92 0|1.192 1.192 1.192|0
Grass|Grass Clump 57|-186.72 32.421 237.6|0 203.4 0|0.8265 0.8265 0.8265|0
Grass|Grass Clump 58|-12.48 30.0259 -207.36|0 38.16 0|1.1265 1.1265 1.1265|0
Grass|Grass Clump 59|33.12 27.4431 192.48|0 46.08 0|0.8475 0.8475 0.8475|0
Grass|Grass Clump 60|-80.16 -3.27117 -69.12|0 38.16 0|0.9315 0.9315 0.9315|0
Grass|Grass Clump 61|105.6 17.0739 142.56|0 233.28 0|1.138 1.138 1.138|0
Grass|Grass Clump 62|-9.60001 2.54539 -43.68|0 122.04 0|0.843 0.843 0.843|0
Grass|Grass Clump 63|174.24 38.0995 -151.2|0 174.96 0|1.1115 1.1115 1.1115|0
Grass|Grass Clump 64|-182.4 32.5414 218.4|0 194.4 0|1.1525 1.1525 1.1525|0
Grass|Grass Clump 65|-130.56 25.2716 -153.6|0 125.64 0|1.0005 1.0005 1.0005|0
Grass|Grass Clump 66|-17.76 1.61928 -10.08|0 73.8 0|1.1015 1.1015 1.1015|0
Grass|Grass Clump 67|161.28 34.7199 -233.76|0 307.44 0|1.1075 1.1075 1.1075|0
Grass|Grass Clump 68|-209.28 31.1125 -203.04|0 306.72 0|0.909 0.909 0.909|0
Grass|Grass Clump 69|-99.36 34.6081 208.32|0 299.88 0|1.1355 1.1355 1.1355|0
Grass|Grass Clump 70|134.88 8.54296 68.64|0 320.76 0|1.0675 1.0675 1.0675|0
Grass|Grass Clump 71|-238.56 31.2115 231.36|0 343.8 0|0.9235 0.9235 0.9235|0
Grass|Grass Clump 72|88.32 13.3423 -59.52|0 51.84 0|1.085 1.085 1.085|0
Grass|Grass Clump 73|-54.24 9.6555 20.64|0 211.32 0|1.183 1.183 1.183|0
Grass|Grass Clump 74|-25.92 0.310117 -16.8|0 24.12 0|1.0695 1.0695 1.0695|0
Grass|Grass Clump 75|-177.12 33.1895 132.96|0 110.88 0|1.0165 1.0165 1.0165|0
Grass|Grass Clump 76|-179.04 32.4233 -228.48|0 1.44 0|1.1765 1.1765 1.1765|0
Grass|Grass Clump 77|-101.76 -1.5376 -30.24|0 238.32 0|1.0995 1.0995 1.0995|0
Grass|Grass Clump 78|-208.8 33.8321 -147.84|0 130.68 0|0.915 0.915 0.915|0
Grass|Grass Clump 79|216 41.7676 -38.88|0 59.4 0|1.0265 1.0265 1.0265|0
Grass|Grass Clump 80|-193.44 31.7027 -223.68|0 79.56 0|0.8765 0.8765 0.8765|0
Grass|Grass Clump 81|-234.24 35.8153 -126.24|0 5.76 0|0.9735 0.9735 0.9735|0
Grass|Grass Clump 82|-86.4 3.54947 126.24|0 195.12 0|0.9055 0.9055 0.9055|0
Grass|Grass Clump 83|177.6 37.0455 194.4|0 275.04 0|1.0225 1.0225 1.0225|0
Grass|Grass Clump 84|-219.36 30.8266 192|0 346.32 0|0.8535 0.8535 0.8535|0
Grass|Grass Clump 85|163.68 35.9017 206.88|0 48.24 0|1.1895 1.1895 1.1895|0
Grass|Grass Clump 86|-99.84 -0.259915 -20.64|0 20.88 0|1.0335 1.0335 1.0335|0
Grass|Grass Clump 87|-24 34.1435 236.64|0 180 0|1.005 1.005 1.005|0
Grass|Grass Clump 88|62.88 15.6034 -169.92|0 88.2 0|1.032 1.032 1.032|0
Grass|Grass Clump 89|-40.8 -1.42969 -68.64|0 47.88 0|0.9765 0.9765 0.9765|0
Grass|Grass Clump 90|-118.56 35.2318 192.48|0 333 0|1.0305 1.0305 1.0305|0
Grass|Grass Clump 91|-69.12 8.8357 85.92|0 90.72 0|1.114 1.114 1.114|0
Grass|Grass Clump 92|126.72 35.0864 225.12|0 180.72 0|1.1765 1.1765 1.1765|0
Grass|Grass Clump 93|-174.72 11.3571 -24.96|0 196.2 0|0.954 0.954 0.954|0
Grass|Grass Clump 94|15.84 1.95753 -84|0 12.24 0|1.15 1.15 1.15|0
Grass|Grass Clump 95|157.92 14.2805 -59.52|0 339.84 0|0.8665 0.8665 0.8665|0
Grass|Grass Clump 96|234.72 42.8573 -6.24001|0 325.08 0|1.019 1.019 1.019|0
Grass|Grass Clump 97|107.52 36.0333 178.56|0 95.04 0|0.951 0.951 0.951|0
Grass|Grass Clump 98|54.24 28.1446 -33.6|0 178.2 0|1.0965 1.0965 1.0965|0
Grass|Grass Clump 99|100.8 29.0803 171.36|0 339.12 0|1.2825 1.2825 1.2825|0
Grass|Grass Clump 100|-104.64 34.5425 232.8|0 247.68 0|0.961 0.961 0.961|0
Grass|Grass Clump 101|134.4 35.1558 -180.96|0 284.76 0|1.1325 1.1325 1.1325|0
Grass|Grass Clump 102|234.72 42.7843 -11.04|0 92.88 0|0.8415 0.8415 0.8415|0
Grass|Grass Clump 103|-94.08 11.3255 36|0 29.16 0|1.239 1.239 1.239|0
Grass|Grass Clump 104|199.68 38.1036 -196.8|0 119.16 0|1.118 1.118 1.118|0
Grass|Grass Clump 105|106.56 8.76144 -52.8|0 231.48 0|1.082 1.082 1.082|0
Grass|Grass Clump 106|1.44 5.07694 -52.8|0 160.56 0|0.8705 0.8705 0.8705|0
Grass|Grass Clump 107|-11.52 -1.07832 -94.56|0 23.04 0|0.828 0.828 0.828|0
Grass|Grass Clump 108|27.36 -2.82115 -116.16|0 95.04 0|0.987 0.987 0.987|0
Grass|Grass Clump 109|112.32 33.7984 -222.24|0 132.84 0|1.201 1.201 1.201|0
Grass|Grass Clump 110|-30.72 11.7143 55.68|0 245.52 0|1.1475 1.1475 1.1475|0
Grass|Grass Clump 111|-138.72 34.0364 166.08|0 201.6 0|1.0585 1.0585 1.0585|0
Grass|Grass Clump 112|-69.12 1.30793 -12|0 40.68 0|0.992 0.992 0.992|0
Grass|Grass Clump 113|133.44 36.6318 -164.16|0 93.96 0|1.289 1.289 1.289|0
Grass|Grass Clump 114|-206.88 32.5483 -167.52|0 259.56 0|1.1655 1.1655 1.1655|0
Grass|Grass Clump 115|135.36 14.749 -100.8|0 162.72 0|1.287 1.287 1.287|0
Grass|Grass Clump 116|-215.04 33.2042 153.6|0 235.44 0|1.2665 1.2665 1.2665|0
Grass|Grass Clump 117|-202.56 35.1027 84.96|0 24.84 0|1.0595 1.0595 1.0595|0
Grass|Grass Clump 118|-200.64 25.8412 -13.92|0 86.76 0|1.0725 1.0725 1.0725|0
Grass|Grass Clump 119|-237.12 33.0018 -10.08|0 225.72 0|0.8815 0.8815 0.8815|0
Grass|Grass Clump 120|12 -2.82217 -116.64|0 294.48 0|0.8505 0.8505 0.8505|0
Grass|Grass Clump 121|88.32 24.855 -174.72|0 172.08 0|1.0685 1.0685 1.0685|0
Grass|Grass Clump 122|73.44 6.28914 31.68|0 172.8 0|0.909 0.909 0.909|0
Grass|Grass Clump 123|69.12 4.19776 109.92|0 193.32 0|1.271 1.271 1.271|0
Grass|Grass Clump 124|-144 33.798 -224.64|0 205.2 0|1.24 1.24 1.24|0
Grass|Grass Clump 125|-11.52 13.2664 65.28|0 295.2 0|0.8805 0.8805 0.8805|0
Grass|Grass Clump 126|212.64 37.1997 141.12|0 282.6 0|0.968 0.968 0.968|0
Grass|Grass Clump 127|109.44 14.8098 132|0 214.2 0|0.9555 0.9555 0.9555|0
Grass|Grass Clump 128|50.88 35.2999 -237.6|0 165.6 0|1.284 1.284 1.284|0
Grass|Grass Clump 129|151.68 37.5284 169.92|0 7.56 0|1.268 1.268 1.268|0
Grass|Grass Clump 130|-190.08 18.6832 8.64|0 286.2 0|0.9935 0.9935 0.9935|0
Grass|Grass Clump 131|-34.08 9.68728 100.8|0 16.92 0|1.128 1.128 1.128|0
Grass|Grass Clump 132|98.4 7.41322 115.68|0 36 0|0.847 0.847 0.847|0
Grass|Grass Clump 133|-120.96 2.09594 87.36|0 304.56 0|0.9915 0.9915 0.9915|0
Grass|Grass Clump 134|-16.32 0.145731 -67.2|0 329.04 0|0.998 0.998 0.998|0
Grass|Grass Clump 135|164.64 35.2562 -204.96|0 328.32 0|1.1485 1.1485 1.1485|0
Grass|Grass Clump 136|-101.28 8.89129 54.72|0 14.4 0|0.9295 0.9295 0.9295|0
Grass|Grass Clump 137|-176.16 33.1387 134.88|0 136.8 0|0.8115 0.8115 0.8115|0
Grass|Grass Clump 138|131.52 35.6004 196.32|0 9.36 0|1.274 1.274 1.274|0
Grass|Grass Clump 139|60.48 5.26364 -148.8|0 111.6 0|1.13 1.13 1.13|0
Grass|Grass Clump 140|-236.64 33.9563 42.24|0 30.6 0|1.1075 1.1075 1.1075|0
Grass|Grass Clump 141|159.84 37.9023 -133.44|0 349.92 0|1.1085 1.1085 1.1085|0
Grass|Grass Clump 142|-60.96 32.9241 225.12|0 159.12 0|0.8265 0.8265 0.8265|0
Grass|Grass Clump 143|173.28 36.1825 218.4|0 116.28 0|0.985 0.985 0.985|0
Grass|Grass Clump 144|238.08 42.5351 -14.88|0 169.56 0|0.9225 0.9225 0.9225|0
Grass|Grass Clump 145|-118.56 33.4492 -224.64|0 340.56 0|1.2435 1.2435 1.2435|0
Grass|Grass Clump 146|231.84 37.4678 -142.56|0 327.24 0|1.188 1.188 1.188|0
Grass|Grass Clump 147|165.12 40.055 130.08|0 7.56 0|0.8215 0.8215 0.8215|0
Grass|Grass Clump 148|6.72 33.3403 -237.6|0 124.92 0|1.122 1.122 1.122|0
Grass|Grass Clump 149|-228 31.2601 -205.44|0 306.72 0|0.872 0.872 0.872|0
Grass|Grass Clump 150|-183.36 28.0074 85.92|0 118.8 0|0.814 0.814 0.814|0
Grass|Grass Clump 151|105.12 6.39043 -76.32|0 144.72 0|1.0285 1.0285 1.0285|0
Grass|Grass Clump 152|-36.48 33.3179 228.96|0 65.88 0|0.979 0.979 0.979|0
Grass|Grass Clump 153|85.44 11.1493 -68.64|0 63 0|1.263 1.263 1.263|0
Grass|Grass Clump 154|-85.44 10.868 152.16|0 252 0|0.902 0.902 0.902|0
Grass|Grass Clump 155|147.84 35.2913 238.56|0 146.16 0|0.902 0.902 0.902|0
Grass|Grass Clump 156|194.4 37.9582 -171.36|0 224.64 0|0.954 0.954 0.954|0
Grass|Grass Clump 157|223.68 37.4291 91.2|0 184.32 0|1.1935 1.1935 1.1935|0
Grass|Grass Clump 158|77.76 8.5866 -78.72|0 297.36 0|1.168 1.168 1.168|0
Grass|Grass Clump 159|98.4 4.17334 28.8|0 117.72 0|1.115 1.115 1.115|0
Grass|Grass Clump 160|-126.24 33.6082 -188.64|0 104.4 0|0.8955 0.8955 0.8955|0
Cube|Flower Clump 1|202.84 38.1571 183.04|0 211.32 0|1.2346 1.2346 1.2346|0
Cube|Flower Clump 2|-64.68 3.63517 -2.2|0 37.44 0|1.5772 1.5772 1.5772|0
Cube|Flower Clump 3|44.44 10.8668 109.12|0 297 0|1.5136 1.5136 1.5136|0
Cube|Flower Clump 4|-59.4 29.3375 196.68|0 228.24 0|1.5802 1.5802 1.5802|0
Cube|Flower Clump 5|83.16 9.19878 -145.64|0 180.72 0|1.2268 1.2268 1.2268|0
Cube|Flower Clump 6|-147.84 25.8906 137.28|0 308.88 0|1.4524 1.4524 1.4524|0
Cube|Flower Clump 7|-18.48 10.0654 168.96|0 313.92 0|1.5244 1.5244 1.5244|0
Cube|Flower Clump 8|-190.52 32.014 -81.4|0 126 0|1.0186 1.0186 1.0186|0
Cube|Flower Clump 9|152.24 20.7645 -97.68|0 301.68 0|1.5994 1.5994 1.5994|0
Cube|Flower Clump 10|178.64 36.0868 -218.24|0 181.08 0|1.1446 1.1446 1.1446|0
Cube|Flower Clump 11|201.52 39.0134 50.16|0 168.48 0|1.4308 1.4308 1.4308|0
Cube|Flower Clump 12|4.39999 20.0681 82.72|0 29.88 0|1.5028 1.5028 1.5028|0
Cube|Flower Clump 13|33.88 10.0542 124.96|0 267.84 0|1.0804 1.0804 1.0804|0
Cube|Flower Clump 14|143.44 33.7811 -218.24|0 205.56 0|1.3504 1.3504 1.3504|0
Cube|Flower Clump 15|105.6 37.1019 184.8|0 39.96 0|1.5688 1.5688 1.5688|0
Cube|Flower Clump 16|139.48 36.6665 153.12|0 327.24 0|1.5172 1.5172 1.5172|0
Cube|Flower Clump 17|70.4 19.1495 168.52|0 40.68 0|1.3744 1.3744 1.3744|0
Cube|Flower Clump 18|-111.76 -3.95332 -57.64|0 288.72 0|1.2358 1.2358 1.2358|0
Cube|Flower Clump 19|71.28 4.50735 -90.64|0 296.64 0|1.2148 1.2148 1.2148|0
Cube|Flower Clump 20|218.24 41.5234 40.04|0 210.6 0|1.2208 1.2208 1.2208|0
Cube|Flower Clump 21|75.68 3.78618 77.44|0 272.52 0|1.4452 1.4452 1.4452|0
Cube|Flower Clump 22|36.08 24.8375 -192.28|0 199.8 0|1.2568 1.2568 1.2568|0
Cube|Flower Clump 23|-133.32 10.4402 -122.76|0 90.36 0|1.276 1.276 1.276|0
Cube|Flower Clump 24|174.24 17.818 -25.52|0 261 0|1.4974 1.4974 1.4974|0
Cube|Flower Clump 25|-182.6 22.1079 -67.76|0 346.32 0|1.2262 1.2262 1.2262|0
Cube|Flower Clump 26|-126.72 2.73418 60.28|0 294.48 0|1.4194 1.4194 1.4194|0
Cube|Flower Clump 27|83.6 23.9849 171.6|0 269.64 0|1.3936 1.3936 1.3936|0
Cube|Flower Clump 28|-125.4 2.2662 75.24|0 183.6 0|1.099 1.099 1.099|0
Cube|Flower Clump 29|144.32 7.47071 -44|0 45 0|1.3036 1.3036 1.3036|0
Cube|Flower Clump 30|30.36 25.9663 190.96|0 223.2 0|1.1092 1.1092 1.1092|0
Cube|Flower Clump 31|145.2 5.82518 -25.52|0 286.56 0|1.477 1.477 1.477|0
Cube|Flower Clump 32|-22.44 20.241 189.64|0 86.4 0|1.0018 1.0018 1.0018|0
Cube|Flower Clump 33|184.36 38.0298 -151.8|0 193.68 0|1.27 1.27 1.27|0
Cube|Flower Clump 34|18.48 9.06058 -170.28|0 209.16 0|1.2196 1.2196 1.2196|0
Cube|Flower Clump 35|44.88 22.8199 182.6|0 252 0|1.1614 1.1614 1.1614|0
Cube|Flower Clump 36|-90.64 4.74448 2.2|0 242.28 0|1.3204 1.3204 1.3204|0
Cube|Flower Clump 37|127.6 30.4072 -155.76|0 11.16 0|1.3042 1.3042 1.3042|0
Cube|Flower Clump 38|101.64 14.6534 139.48|0 200.16 0|1.0792 1.0792 1.0792|0
Cube|Flower Clump 39|216.04 38.2841 198.88|0 306 0|1.528 1.528 1.528|0
Cube|Flower Clump 40|-198.44 34.7751 -75.68|0 315.72 0|1.3696 1.3696 1.3696|0
Cube|Flower Clump 41|52.36 -1.14778 -128.48|0 104.4 0|1.4872 1.4872 1.4872|0
Cube|Flower Clump 42|-81.84 -1.65487 -31.68|0 39.24 0|1.1788 1.1788 1.1788|0
Cube|Flower Clump 43|18.48 8.64538 8.79999|0 153.72 0|1.0984 1.0984 1.0984|0
Cube|Flower Clump 44|161.48 14.0328 -48.84|0 121.68 0|1.102 1.102 1.102|0
Cube|Flower Clump 45|-136.4 3.30727 -95.92|0 261 0|1.5418 1.5418 1.5418|0
Cube|Flower Clump 46|-24.64 0.718219 -12.76|0 24.84 0|1.0192 1.0192 1.0192|0
Cube|Flower Clump 47|82.72 19.1642 -20.24|0 125.28 0|1.2946 1.2946 1.2946|0
Cube|Flower Clump 48|52.36 8.01821 109.12|0 182.88 0|1.54 1.54 1.54|0
Cube|Flower Clump 49|-121 12.8014 135.08|0 11.52 0|1.1668 1.1668 1.1668|0
Cube|Flower Clump 50|-99.88 9.6422 -146.52|0 227.88 0|1.336 1.336 1.336|0
Cube|Flower Clump 51|152.24 34.4204 -205.48|0 101.88 0|1.3726 1.3726 1.3726|0
Cube|Flower Clump 52|14.08 27.2235 196.24|0 271.08 0|1.0006 1.0006 1.0006|0
Cube|Flower Clump 53|-112.64 33.3223 -198.44|0 19.44 0|1.519 1.519 1.519|0
Cube|Flower Clump 54|-165.44 9.46851 -54.12|0 137.16 0|1.1548 1.1548 1.1548|0
Cube|Flower Clump 55|-96.8 10.3423 144.76|0 298.08 0|1.3864 1.3864 1.3864|0
Cube|Flower Clump 56|106.48 34.1561 -210.76|0 272.52 0|1.1056 1.1056 1.1056|0
Cube|Flower Clump 57|174.68 37.6336 174.24|0 232.2 0|1.264 1.264 1.264|0
Cube|Flower Clump 58|-130.68 33.9733 -215.6|0 190.08 0|1.4074 1.4074 1.4074|0
Cube|Flower Clump 59|72.6 16.2786 -167.2|0 356.04 0|1.1398 1.1398 1.1398|0
Cube|Flower Clump 60|-46.64 5.34107 9.24001|0 304.2 0|1.3474 1.3474 1.3474|0
Cube|Flower Clump 61|-195.36 34.3279 -76.12|0 167.76 0|1.2436 1.2436 1.2436|0
Cube|Flower Clump 62|51.92 7.40824 32.56|0 226.8 0|1.1104 1.1104 1.1104|0
Cube|Flower Clump 63|93.72 3.617 42.68|0 320.4 0|1.444 1.444 1.444|0
Cube|Flower Clump 64|2.2 0.322428 -84.92|0 141.12 0|1.3186 1.3186 1.3186|0
Cube|Flower Clump 65|182.16 38.5547 144.32|0 219.6 0|1.1218 1.1218 1.1218|0
Cube|Flower Clump 66|-181.28 20.1973 -63.36|0 82.08 0|1.345 1.345 1.345|0
Cube|Flower Clump 67|1.76001 5.52874 -50.16|0 284.76 0|1.2202 1.2202 1.2202|0
Cube|Flower Clump 68|-193.16 34.4243 -110.44|0 190.08 0|1.4134 1.4134 1.4134|0
Cube|Flower Clump 69|-184.36 33.0169 -144.76|0 170.28 0|1.0528 1.0528 1.0528|0
Cube|Flower Clump 70|36.52 8.16059 -164.12|0 336.6 0|1.348 1.348 1.348|0
House1|Camp House 1 1|-45 -0.681413 -20|0 10.8 0|0.8 0.8 0.8|1
Campfire|Campfire 1|-45 1.14184 -8|0 291.96 0|0.8 0.8 0.8|1
PineTree|Camp Tree 1|-49.5542 2.45131 -3.08227|0 210.6 0|1.26 1.26 1.26|0
PineTree|Camp Tree 2|-33.9072 -1.28672 -41.2465|0 321.48 0|1.356 1.356 1.356|0
PineTree|Camp Tree 3|-43.1063 -1.85824 -43.8449|0 137.88 0|1.796 1.796 1.796|0
PineTree|Camp Tree 4|-35.0708 3.06101 4.58245|0 296.28 0|1.6008 1.6008 1.6008|0
PineTree|Camp Tree 5|-27.6254 -0.00473316 -19.7818|0 195.12 0|1.8896 1.8896 1.8896|0
PineTree|Camp Tree 6|-27.5603 -0.145966 -22.3699|0 39.6 0|1.852 1.852 1.852|0
PineTree|Camp Tree 7|-32.0508 -1.06677 -36.3592|0 135 0|1.8528 1.8528 1.8528|0
PineTree|Camp Tree 8|-40.0716 -1.4835 -32.3144|0 348.12 0|1.5792 1.5792 1.5792|0
PineTree|Camp Tree 9|-52.0072 2.7491 -2.57192|0 14.76 0|1.684 1.684 1.684|0
PineTree|Camp Tree 10|-32.8631 -1.18422 -39.5088|0 297.36 0|1.3088 1.3088 1.3088|0
Rock|Camp Rock 1|-38.1863 1.45088 -4.80583|0 66.24 0|1.5008 1.5008 1.5008|1
Rock|Camp Rock 2|-55.4714 -1.77236 -31.8291|0 317.52 0|1.0552 1.0552 1.0552|1
Rock|Camp Rock 3|-62.0924 -0.465356 -20.5096|0 57.6 0|1.1568 1.1568 1.1568|1
Rock|Camp Rock 4|-52.259 -1.26607 -25.6814|0 11.88 0|1.7416 1.7416 1.7416|1
Rock|Camp Rock 5|-49.9736 0.724034 -11.3223|0 222.84 0|1.2528 1.2528 1.2528|1
Rock|Camp Rock 6|-39.3567 -1.22753 -27.7092|0 38.16 0|1.3992 1.3992 1.3992|1
Rock|Camp Rock 7|-44.5008 0.535696 -11.3003|0 203.04 0|1.3016 1.3016 1.3016|1
Cube|Camp Prop 1|-46.7372 0.0400825 -14.7489|0 295.56 0|1.3975 1.3975 1.3975|1
Cube|Camp Prop 2|-42.9476 0.236451 -12.9528|0 59.4 0|0.9925 0.9925 0.9925|1
Cube|Camp Prop 3|-50.1816 -0.788722 -21.1832|0 354.96 0|1.089 1.089 1.089|1
Cube|Camp Prop 4|-43.6315 -1.26722 -26.385|0 228.96 0|1.162 1.162 1.162|1
House2|Camp House 2 2|55 6.32919 35|0 357.48 0|0.01 0.01 0.01|1
Campfire|Campfire 2|55 5.92646 47|0 339.12 0|0.8 0.8 0.8|1
PineTree|Camp Tree 11|44.4147 12.9588 11.8844|0 294.48 0|1.7936 1.7936 1.7936|0
PineTree|Camp Tree 12|63.4266 5.34101 44.5498|0 56.16 0|1.5672 1.5672 1.5672|0
PineTree|Camp Tree 13|52.6305 6.26465 52.9725|0 154.8 0|1.692 1.692 1.692|0
PineTree|Camp Tree 14|33.1754 7.69191 45.4745|0 258.48 0|1.4064 1.4064 1.4064|0
PineTree|Camp Tree 15|81.824 4.79126 37.3645|0 161.28 0|1.2384 1.2384 1.2384|0
PineTree|Camp Tree 16|57.7962 13.1987 12.4205|0 324.72 0|1.2304 1.2304 1.2304|0
PineTree|Camp Tree 17|33.2591 7.19642 37.9192|0 94.68 0|1.74 1.74 1.74|0
PineTree|Camp Tree 18|69.8867 7.73045 26.5131|0 25.2 0|1.652 1.652 1.652|0
PineTree|Camp Tree 19|77.0323 5.16711 37.2213|0 149.04 0|1.656 1.656 1.656|0
PineTree|Camp Tree 20|53.8726 6.62087 61.1037|0 36.36 0|1.9168 1.9168 1.9168|0
Rock|Camp Rock 8|39.7858 10.0694 19.2643|0 251.64 0|1.5896 1.5896 1.5896|1
Rock|Camp Rock 9|62.8279 5.13814 49.0117|0 243.36 0|1.0968 1.0968 1.0968|1
Rock|Camp Rock 10|46.4463 7.03982 52.0955|0 336.24 0|1.04 1.04 1.04|1
Rock|Camp Rock 11|58.0503 5.6392 55.8541|0 120.6 0|1.7472 1.7472 1.7472|1
Rock|Camp Rock 12|70.3455 6.72824 30.9068|0 136.8 0|1.7152 1.7152 1.7152|1
Rock|Camp Rock 13|64.3562 9.2645 22.5497|0 325.8 0|1.5488 1.5488 1.5488|1
Rock|Camp Rock 14|53.192 9.05787 24.9635|0 93.24 0|1.26 1.26 1.26|1
Cube|Camp Prop 5|49.4272 6.7299 38.8493|0 340.92 0|1.234 1.234 1.234|1
Cube|Camp Prop 6|52.5194 6.4408 40.373|0 22.68 0|1.3845 1.3845 1.3845|1
Cube|Camp Prop 7|59.6994 6.06353 39.637|0 331.56 0|1.1495 1.1495 1.1495|1
Cube|Camp Prop 8|48.0542 8.19871 28.6649|0 154.8 0|1.3515 1.3515 1.3515|1
House1|Camp House 1 3|10 20.9877 85|0 79.92 0|0.8 0.8 0.8|1
Campfire|Campfire 3|10 21.5753 97|0 318.96 0|0.8 0.8 0.8|1
PineTree|Camp Tree 21|29.17 17.8159 102.988|0 148.32 0|1.768 1.768 1.768|0
PineTree|Camp Tree 22|33.144 17.188 88.8129|0 147.24 0|1.2792 1.2792 1.2792|0
PineTree|Camp Tree 23|-1.53123 13.6353 63.4967|0 173.16 0|1.8608 1.8608 1.8608|0
PineTree|Camp Tree 24|-11.988 16.711 83.375|0 48.96 0|1.3296 1.3296 1.3296|0
PineTree|Camp Tree 25|30.7701 15.7958 76.4005|0 44.28 0|1.9912 1.9912 1.9912|0
PineTree|Camp Tree 26|15.2881 20.5721 103.158|0 255.6 0|1.6304 1.6304 1.6304|0
PineTree|Camp Tree 27|-4.7982 18.4809 100.403|0 284.4 0|1.5816 1.5816 1.5816|0
PineTree|Camp Tree 28|24.5419 19.7702 99.1699|0 138.6 0|1.2088 1.2088 1.2088|0
PineTree|Camp Tree 29|3.46801 17.9169 74.8954|0 4.32 0|1.7688 1.7688 1.7688|0
PineTree|Camp Tree 30|18.9278 20.7006 100.519|0 299.88 0|1.8576 1.8576 1.8576|0
Rock|Camp Rock 15|0.0456238 16.2298 70.8043|0 254.88 0|1.792 1.792 1.792|1
Rock|Camp Rock 16|1.6644 17.107 72.9526|0 5.04 0|1.508 1.508 1.508|1
Rock|Camp Rock 17|14.9804 17.4084 72.5556|0 304.2 0|1.1312 1.1312 1.1312|1
Rock|Camp Rock 18|2.55014 18.2247 76.2577|0 84.24 0|1.464 1.464 1.464|1
Rock|Camp Rock 19|16.6349 21.5419 91.9713|0 158.4 0|1.5992 1.5992 1.5992|1
Rock|Camp Rock 20|17.6168 20.0397 104.561|0 69.12 0|1.4816 1.4816 1.4816|1
Rock|Camp Rock 21|4.49524 20.2201 102.369|0 191.88 0|1.2992 1.2992 1.2992|1
Cube|Camp Prop 9|4.4936 20.3625 84.0663|0 356.4 0|1.056 1.056 1.056|1
Cube|Camp Prop 10|15.1885 17.2097 72.0357|0 172.8 0|1.3805 1.3805 1.3805|1
Cube|Camp Prop 11|15.8248 21.2329 87.3899|0 309.6 0|1.0175 1.0175 1.0175|1
Cube|Camp Prop 12|2.16609 20.5256 87.6124|0 129.6 0|0.9205 0.9205 0.9205|1
Cube|Forest Zone Tree 1|-74.3194 15.367 52.1427|0 109.08 0|1.5431 1.5431 1.5431|0
Cube|Forest Zone Tree 2|-63.5709 13.8187 32.4491|0 217.08 0|1.9958 1.9958 1.9958|0
Cube|Forest Zone Tree 3|-75.9092 15.3028 44.9615|0 72.72 0|1.7609 1.7609 1.7609|0
Cube|Forest Zone Tree 4|-72.2428 15.3667 41.6484|0 55.8 0|1.4846 1.4846 1.4846|0
Cube|Forest Zone Tree 5|-76.0898 14.981 54.6688|0 6.48 0|2.1218 2.1218 2.1218|0
Cube|Forest Zone Tree 6|-101.09 6.89434 67.4813|0 72.72 0|2.2568 2.2568 2.2568|0
Cube|Forest Zone Tree 7|-62.721 14.6754 37.3729|0 55.8 0|1.9058 1.9058 1.9058|0
Cube|Forest Zone Tree 8|-96.5341 10.2294 56.0089|0 164.52 0|1.5431 1.5431 1.5431|0
Cube|Forest Zone Tree 9|-58.5869 12.6608 29.5003|0 27.72 0|2.0147 2.0147 2.0147|0
Cube|Forest Zone Tree 10|-71.8858 15.6693 48.0729|0 60.12 0|2.1209 2.1209 2.1209|0
Cube|Forest Zone Tree 11|-79.1468 14.5578 39.3171|0 243.36 0|2.1929 2.1929 2.1929|0
Cube|Forest Zone Tree 12|-107.728 7.65802 36.6568|0 174.96 0|2.1785 2.1785 2.1785|0
Cube|Forest Zone Tree 13|-101.731 8.76307 54.8567|0 204.12 0|2.1596 2.1596 2.1596|0
Cube|Forest Zone Tree 14|-77.8867 12.7312 66.8955|0 321.12 0|2.075 2.075 2.075|0
Cube|Forest Zone Tree 15|-65.4147 15.6734 45.3011|0 232.92 0|1.7474 1.7474 1.7474|0
Cube|Forest Zone Tree 16|-72.0871 15.0401 38.5579|0 99.36 0|2.0903 2.0903 2.0903|0
Cube|Forest Zone Tree 17|-93.7219 8.71837 68.8812|0 136.8 0|2.219 2.219 2.219|0
Cube|Forest Zone Tree 18|-79.0657 14.1813 36.1216|0 163.8 0|1.6232 1.6232 1.6232|0
Cube|Forest Zone Tree 19|-73.6768 15.4531 44.0829|0 234.72 0|1.8401 1.8401 1.8401|0
Cube|Forest Zone Tree 20|-82.9415 10.1246 73.7794|0 24.48 0|2.1155 2.1155 2.1155|0
Cube|Forest Zone Tree 21|-44.925 11.7003 35.7512|0 129.6 0|2.0471 2.0471 2.0471|0
Cube|Forest Zone Tree 22|-78.3896 15.0232 49.0548|0 162.72 0|2.0777 2.0777 2.0777|0
Cube|Forest Zone Tree 23|-61.475 14.5337 63.5969|0 185.4 0|1.5044 1.5044 1.5044|0
Cube|Forest Zone Tree 24|-91.6689 10.8273 61.2943|0 45.72 0|1.5242 1.5242 1.5242|0
Cube|Forest Zone Tree 25|-82.3117 14.4349 45.7489|0 61.92 0|1.6439 1.6439 1.6439|0
Cube|Forest Zone Tree 26|-63.3869 15.6695 47.0634|0 41.04 0|1.5989 1.5989 1.5989|0
Cube|Forest Zone Tree 27|-72.503 14.8508 58.9889|0 358.92 0|2.273 2.273 2.273|0
Cube|Forest Zone Tree 28|-88.1949 13.1266 41.3703|0 321.48 0|1.6736 1.6736 1.6736|0
Cube|Forest Zone Tree 29|102.719 8.86497 -60.6037|0 258.48 0|1.886 1.886 1.886|0
Cube|Forest Zone Tree 30|83.3247 18.5451 -47.3295|0 87.48 0|2.1875 2.1875 2.1875|0
Cube|Forest Zone Tree 31|99.1905 10.9111 -54.3972|0 107.64 0|1.7123 1.7123 1.7123|0
Cube|Forest Zone Tree 32|102.992 7.91099 -66.2582|0 203.4 0|1.5224 1.5224 1.5224|0
Cube|Forest Zone Tree 33|79.7159 18.0298 -54.0412|0 36.36 0|2.0291 2.0291 2.0291|0
Cube|Forest Zone Tree 34|86.7081 18.5747 -33|0 91.44 0|2.2451 2.2451 2.2451|0
Cube|Forest Zone Tree 35|74.9009 21.5353 -48.3247|0 56.88 0|2.2361 2.2361 2.2361|0
Cube|Forest Zone Tree 36|44.9847 25.5705 -42.0884|0 261 0|1.9985 1.9985 1.9985|0
Cube|Forest Zone Tree 37|64.8412 24.6448 -47.1299|0 30.6 0|1.5386 1.5386 1.5386|0
Cube|Forest Zone Tree 38|79.0211 18.9722 -51.9114|0 223.92 0|2.0354 2.0354 2.0354|0
Cube|Forest Zone Tree 39|94.6828 9.17391 -68.5209|0 118.44 0|1.5287 1.5287 1.5287|0
Cube|Forest Zone Tree 40|65.5146 24.592 -46.8923|0 228.96 0|1.7789 1.7789 1.7789|0
Cube|Forest Zone Tree 41|86.2388 18.0886 -23.4917|0 60.12 0|2.0795 2.0795 2.0795|0
Cube|Forest Zone Tree 42|71.4571 25.1611 -29.1764|0 322.56 0|1.7411 1.7411 1.7411|0
Cube|Forest Zone Tree 43|56.2063 28.1331 -34.7566|0 312.12 0|2.2001 2.2001 2.2001|0
Cube|Forest Zone Tree 44|93.5476 15.2257 -32.7616|0 293.04 0|1.6979 1.6979 1.6979|0
Cube|Forest Zone Tree 45|53.519 28.1311 -33.8668|0 125.64 0|1.5251 1.5251 1.5251|0
Cube|Forest Zone Tree 46|79.6877 21.1246 -42.1638|0 204.48 0|1.6736 1.6736 1.6736|0
Cube|Forest Zone Tree 47|79.8197 17.5932 -55.2143|0 29.16 0|1.4756 1.4756 1.4756|0
Cube|Forest Zone Tree 48|55.1171 13.191 -71.6147|0 244.08 0|1.5791 1.5791 1.5791|0
Cube|Forest Zone Tree 49|83.3428 15.6003 -57.6083|0 226.08 0|1.562 1.562 1.562|0
Cube|Forest Zone Tree 50|103.888 10.5503 -31.4285|0 168.84 0|1.7681 1.7681 1.7681|0
Cube|Forest Zone Tree 51|53.4361 10.1179 -77.1703|0 171 0|1.4342 1.4342 1.4342|0
Cube|Forest Zone Tree 52|79.9556 17.5261 -55.2765|0 338.04 0|2.0624 2.0624 2.0624|0
Cube|Forest Zone Tree 53|104.243 6.74202 -73.6719|0 92.52 0|1.9967 1.9967 1.9967|0
Cube|Forest Zone Tree 54|76.1207 19.6204 -52.9237|0 172.08 0|2.2307 2.2307 2.2307|0
Cube|Forest Zone Tree 55|75.4228 21.0792 -49.2364|0 10.44 0|1.436 1.436 1.436|0
Cube|Forest Zone Tree 56|80.9504 19.9135 -45.6482|0 275.04 0|1.4018 1.4018 1.4018|0
Cube|Forest Zone Tree 57|110.235 6.88039 -66.4201|0 164.52 0|1.6718 1.6718 1.6718|0
Cube|Forest Zone Tree 58|74.0726 22.818 -44.6582|0 137.16 0|1.7852 1.7852 1.7852|0
Cube|Forest Zone Tree 59|57.0132 19.0114 -61.1684|0 357.12 0|1.6259 1.6259 1.6259|0
Cube|Forest Zone Tree 60|87.5219 18.0762 -37.0308|0 197.64 0|2.2748 2.2748 2.2748|0
Cube|Forest Zone Tree 61|7.83731 -0.610507 -94.2146|0 58.68 0|1.94 1.94 1.94|0
Cube|Forest Zone Tree 62|-7.89868 -0.814987 -91.5815|0 104.4 0|1.9598 1.9598 1.9598|0
Cube|Forest Zone Tree 63|22.9503 4.65096 -78.7815|0 320.04 0|1.6457 1.6457 1.6457|0
Cube|Forest Zone Tree 64|-1.04604 -1.62192 -102.662|0 304.92 0|1.562 1.562 1.562|0
Cube|Forest Zone Tree 65|14.0309 6.80528 -64.7012|0 244.8 0|1.8158 1.8158 1.8158|0
Cube|Forest Zone Tree 66|9.06623 4.75942 -67.1998|0 219.6 0|1.5458 1.5458 1.5458|0
Cube|Forest Zone Tree 67|-2.89858 1.2629 -73.8337|0 170.64 0|1.9877 1.9877 1.9877|0
Cube|Forest Zone Tree 68|-10.6937 -1.57183 -103.848|0 26.64 0|2.1713 2.1713 2.1713|0
Cube|Forest Zone Tree 69|-6.69294 -1.34463 -99.2694|0 200.88 0|1.5701 1.5701 1.5701|0
Cube|Forest Zone Tree 70|2.71597 -0.312127 -90.1333|0 34.92 0|2.255 2.255 2.255|0
Cube|Forest Zone Tree 71|-17.2001 -1.05243 -94.4068|0 14.04 0|1.886 1.886 1.886|0
Cube|Forest Zone Tree 72|31.6714 -1.95075 -109.115|0 278.28 0|2.0417 2.0417 2.0417|0
Cube|Forest Zone Tree 73|-6.55729 -1.23916 -97.7154|0 40.68 0|1.4036 1.4036 1.4036|0
Cube|Forest Zone Tree 74|0.540169 -0.521128 -91.0584|0 119.88 0|2.1785 2.1785 2.1785|0
Cube|Forest Zone Tree 75|-23.4933 -1.36757 -103.809|0 33.12 0|2.2766 2.2766 2.2766|0
Cube|Forest Zone Tree 76|-3.75151 -2.21417 -112.627|0 288.36 0|1.6412 1.6412 1.6412|0
Cube|Forest Zone Tree 77|4.56388 -0.844384 -95.1025|0 139.32 0|1.8527 1.8527 1.8527|0
Cube|Forest Zone Tree 78|23.8968 2.80727 -85.0764|0 275.4 0|2.1398 2.1398 2.1398|0
Cube|Forest Zone Tree 79|21.3541 -1.72403 -105.301|0 209.16 0|2.1047 2.1047 2.1047|0
Cube|Forest Zone Tree 80|17.9321 -0.882268 -98.8882|0 199.44 0|2.0624 2.0624 2.0624|0
Cube|Forest Zone Tree 81|20.7107 3.23997 -82.0123|0 312.48 0|2.2037 2.2037 2.2037|0
Cube|Forest Zone Tree 82|21.6761 -1.0419 -100.824|0 86.76 0|1.9679 1.9679 1.9679|0
Cube|Forest Zone Tree 83|-0.893613 -1.9144 -106.686|0 171.72 0|1.4018 1.4018 1.4018|0
Cube|Forest Zone Tree 84|1.77401 -0.379829 -90.3056|0 22.68 0|1.6925 1.6925 1.6925|0
Rock|Rock Cluster 1|-47.72 -1.8731 -59.968|0 0 0|1.1694 1.1694 1.1694|1
Rock|Rock Cluster 2|-45.68 -1.73993 -62.248|0 0 0|1.1694 1.1694 1.1694|1
Rock|Rock Cluster 3|-44.576 -1.75542 -59.296|0 0 0|0.924 0.924 0.924|1
Rock|Rock Cluster 4|-45.236 -1.80225 -58.384|0 0 0|0.9264 0.9264 0.9264|1
Rock|Rock Cluster 5|-44.396 -1.68021 -62.494|0 0 0|1.1076 1.1076 1.1076|1
Rock|Rock Cluster 6|-2.058 5.42538 -26.752|0 0 0|1.0104 1.0104 1.0104|1
Rock|Rock Cluster 7|1.794 6.9101 -27.274|0 0 0|0.8976 0.8976 0.8976|1
Rock|Rock Cluster 8|0.617996 6.34513 -22.126|0 0 0|0.9276 0.9276 0.9276|1
Rock|Rock Cluster 9|-1.578 5.5719 -23.98|0 0 0|0.7632 0.7632 0.7632|1
Rock|Rock Cluster 10|-19.308 11.6918 59.718|0 0 0|0.8412 0.8412 0.8412|1
Rock|Rock Cluster 11|-16.26 12.5801 63.726|0 0 0|0.6966 0.6966 0.6966|1
Rock|Rock Cluster 12|-20.868 11.9278 61.038|0 0 0|0.7992 0.7992 0.7992|1
Rock|Rock Cluster 13|-20.868 12.3885 63.786|0 0 0|0.741 0.741 0.741|1
Rock|Rock Cluster 14|-17.736 12.2154 62.274|0 0 0|1.0206 1.0206 1.0206|1
Rock|Rock Cluster 15|34.252 7.71603 28.81|0 0 0|0.921 0.921 0.921|1
Rock|Rock Cluster 16|30.25 7.2976 30.85|0 0 0|0.7512 0.7512 0.7512|1
Rock|Rock Cluster 17|31.558 7.61326 28.162|0 0 0|0.8256 0.8256 0.8256|1
Rock|Rock Cluster 18|-36.436 -1.01222 -26.298|0 0 0|0.6504 0.6504 0.6504|1
Rock|Rock Cluster 19|-38.362 -1.00268 -24.816|0 0 0|0.9072 0.9072 0.9072|1
Rock|Rock Cluster 20|-38.614 -1.17463 -27.33|0 0 0|1.0698 1.0698 1.0698|1
Rock|Rock Cluster 21|42.014 7.82137 30.344|0 0 0|0.8946 0.8946 0.8946|1
Rock|Rock Cluster 22|41.828 7.77067 30.662|0 0 0|0.6552 0.6552 0.6552|1
Rock|Rock Cluster 23|43.388 7.6496 31.664|0 0 0|1.1586 1.1586 1.1586|1
Rock|Rock Cluster 24|14.924 8.36082 5.248|0 0 0|0.7656 0.7656 0.7656|1
Rock|Rock Cluster 25|10.526 7.18141 5.182|0 0 0|0.9072 0.9072 0.9072|1
Rock|Rock Cluster 26|10.424 7.34311 3.742|0 0 0|0.7332 0.7332 0.7332|1
Rock|Rock Cluster 27|13.196 8.36158 2.248|0 0 0|1.0512 1.0512 1.0512|1
Rock|Rock Cluster 28|11.792 8.2393 0.298001|0 0 0|0.8334 0.8334 0.8334|1
Rock|Rock Cluster 29|67.736 8.59615 23.906|0 0 0|1.0494 1.0494 1.0494|1
Rock|Rock Cluster 30|69.044 8.21089 24.902|0 0 0|0.759 0.759 0.759|1
Rock|Rock Cluster 31|67.682 9.63691 20.33|0 0 0|1.0506 1.0506 1.0506|1
Rock|Rock Cluster 32|67.088 8.70191 23.732|0 0 0|0.6876 0.6876 0.6876|1
Rock|Rock Cluster 33|70.502 9.41013 20.054|0 0 0|0.8808 0.8808 0.8808|1
Rock|Rock Cluster 34|-69.794 15.7561 47.752|0 0 0|1.1454 1.1454 1.1454|1
Rock|Rock Cluster 35|-70.46 15.6801 51.298|0 0 0|0.7308 0.7308 0.7308|1
Rock|Rock Cluster 36|-70.448 15.7319 49.288|0 0 0|0.6636 0.6636 0.6636|1
Rock|Rock Cluster 37|-68.09 15.748 51.46|0 0 0|0.9786 0.9786 0.9786|1
Rock|Rock Cluster 38|-70.394 15.6784 51.418|0 0 0|0.669 0.669 0.669|1
Rock|Rock Cluster 39|-32.196 7.0613 25.2|0 0 0|0.9882 0.9882 0.9882|1
Rock|Rock Cluster 40|-29.646 6.53431 24.63|0 0 0|0.7134 0.7134 0.7134|1
Rock|Rock Cluster 41|-34.266 7.13426 23.886|0 0 0|0.9054 0.9054 0.9054|1
Rock|Rock Cluster 42|-33.762 7.67601 26.844|0 0 0|0.7632 0.7632 0.7632|1
Rock|Rock Cluster 43|-23.686 12.6193 66.01|0 0 0|0.6318 0.6318 0.6318|1
Rock|Rock Cluster 44|-22.924 13.0226 68.986|0 0 0|1.1952 1.1952 1.1952|1
Rock|Rock Cluster 45|-25.12 12.9602 69.82|0 0 0|0.8166 0.8166 0.8166|1
Rock|Rock Cluster 46|-24.976 12.9373 69.472|0 0 0|0.6648 0.6648 0.6648|1
Rock|Rock Cluster 47|-27.19 12.8105 69.364|0 0 0|0.6384 0.6384 0.6384|1
Rock|Rock Cluster 48|40.838 18.5594 -57.662|0 0 0|0.924 0.924 0.924|1
Rock|Rock Cluster 49|39.944 17.9653 -58.388|0 0 0|0.8688 0.8688 0.8688|1
Rock|Rock Cluster 50|43.286 19.1949 -57.638|0 0 0|0.8406 0.8406 0.8406|1
Rock|Rock Cluster 51|42.86 18.6712 -58.496|0 0 0|0.846 0.846 0.846|1
Grass|Grass|1.68653 4.95619 8.44071|0 0 0|0.7 0.7 0.7|0
StoneWall|Stone Wall|-4.42264 5.41564 13.5674|-19.9207 35.1089 -21.3913|3.8 2.3 0.5|1
