0 0 0 0 0 0 1 1 1
0 -0.55 -10 0 0 0 120 0.1 120
-210.72 33.5329 -37.44 0 14.4 0 0.9075 0.9075 0.9075
10.08 6.73443 7.67999 0 285.84 0 0.876 0.876 0.876
108.96 6.41001 -74.88 0 147.24 0 1.209 1.209 1.209
-219.84 33.8983 144.48 0 77.4 0 0.821 0.821 0.821
-209.76 33.77 -149.28 0 184.32 0 1.206 1.206 1.206
38.4 2.9862 -151.2 0 169.92 0 1.0275 1.0275 1.0275
-60.48 2.08675 -144.96 0 95.76 0 0.9005 0.9005 0.9005
-172.8 32.6803 -176.16 0 171 0 1.0265 1.0265 1.0265
-214.08 31.5751 -233.76 0 347.76 0 1.2725 1.2725 1.2725
-127.68 33.9 -200.64 0 103.68 0 1.1705 1.1705 1.1705
108.96 34.722 -190.56 0 255.96 0 0.8765 0.8765 0.8765
-31.2 -0.656459 -25.44 0 54.36 0 1.1595 1.1595 1.1595
-131.04 15.3911 -135.84 0 30.6 0 1.2925 1.2925 1.2925
187.2 38.0774 -146.88 0 42.84 0 1.1495 1.1495 1.1495
172.32 36.9638 -175.2 0 335.52 0 1.238 1.238 1.238
-212.16 30.8098 222.24 0 100.8 0 1.065 1.065 1.065
-155.52 21.6535 -121.92 0 191.16 0 1.082 1.082 1.082
219.36 38.2603 193.44 0 294.84 0 0.9175 0.9175 0.9175
46.08 26.4699 -38.88 0 287.28 0 1.0495 1.0495 1.0495
-228 35.8296 89.76 0 41.76 0 0.947 0.947 0.947
46.56 34.3839 198.72 0 151.2 0 0.8695 0.8695 0.8695
24 37.135 239.04 0 31.32 0 1.2705 1.2705 1.2705
163.2 38.0458 163.68 0 147.6 0 0.887 0.887 0.887
109.92 22.1419 151.2 0 167.04 0 1.267 1.267 1.267
134.4 34.9545 217.92 0 14.04 0 1.2275 1.2275 1.2275
192 39.2548 -88.32 0 92.52 0 1.2095 1.2095 1.2095
-27.36 -0.190377 -23.04 0 100.08 0 1.1195 1.1195 1.1195
-188.64 31.8496 -213.12 0 192.96 0 0.8245 0.8245 0.8245
-126.24 33.3599 -181.44 0 224.28 0 1.0045 1.0045 1.0045
-174.24 32.6915 -210.24 0 85.68 0 0.906 0.906 0.906
234.72 37.8137 -227.04 0 10.8 0 1.1075 1.1075 1.1075
-143.52 2.07305 1.92 0 187.56 0 1.005 1.005 1.005
-77.76 1.79922 -136.32 0 251.28 0 0.873 0.873 0.873
-126.24 2.45758 86.88 0 165.24 0 0.9855 0.9855 0.9855
224.16 37.1607 -127.68 0 322.2 0 0.867 0.867 0.867
-119.52 35.0137 183.84 0 351.72 0 1.012 1.012 1.012
141.6 4.66262 25.44 0 59.04 0 0.8415 0.8415 0.8415
221.76 38.047 179.52 0 42.12 0 0.9205 0.9205 0.9205
141.12 5.7829 38.88 0 149.04 0 0.9665 0.9665 0.9665
-116.16 33.3595 -191.04 0 226.44 0 1.1145 1.1145 1.1145
194.88 39.1661 86.88 0 254.88 0 1.2225 1.2225 1.2225
71.52 4.19283 54.24 0 236.52 0 0.8825 0.8825 0.8825
120.48 5.35647 -31.2 0 331.56 0 1.1115 1.1115 1.1115
89.76 34.9782 -213.6 0 273.96 0 0.9605 0.9605 0.9605
-221.28 31.3062 -194.88 0 209.16 0 1.145 1.145 1.145
164.64 11.9193 -9.60001 0 174.24 0 0.873 0.873 0.873
96.96 9.12666 -1.44 0 7.2 0 1.037 1.037 1.037
-38.88 0.227527 -12.48 0 173.52 0 1.1275 1.1275 1.1275
111.36 7.94031 100.32 0 255.24 0 0.8685 0.8685 0.8685
170.88 39.7507 121.44 0 50.4 0 1.0365 1.0365 1.0365
-112.32 2.38804 83.52 0 275.04 0 1.061 1.061 1.061
-132.48 2.58837 69.6 0 318.96 0 0.935 0.935 0.935
-197.28 31.4907 -219.84 0 3.24 0 1.218 1.218 1.218
-192.96 32.0654 183.84 0 30.24 0 1.0565 1.0565 1.0565
84 14.3133 -157.44 0 325.08 0 1.163 1.163 1.163
100.32 34.3267 -218.88 0 331.92 0 1.192 1.192 1.192
-186.72 32.421 237.6 0 203.4 0 0.8265 0.8265 0.8265
-12.48 30.0259 -207.36 0 38.16 0 1.1265 1.1265 1.1265
33.12 27.4431 192.48 0 46.08 0 0.8475 0.8475 0.8475
-80.16 -3.27117 -69.12 0 38.16 0 0.9315 0.9315 0.9315
105.6 17.0739 142.56 0 233.28 0 1.138 1.138 1.138
-9.60001 2.54539 -43.68 0 122.04 0 0.843 0.843 0.843
174.24 38.0995 -151.2 0 174.96 0 1.1115 1.1115 1.1115
-182.4 32.5414 218.4 0 194.4 0 1.1525 1.1525 1.1525
-130.56 25.2716 -153.6 0 125.64 0 1.0005 1.0005 1.0005
-17.76 1.61928 -10.08 0 73.8 0 1.1015 1.1015 1.1015
161.28 34.7199 -233.76 0 307.44 0 1.1075 1.1075 1.1075
-209.28 31.1125 -203.04 0 306.72 0 0.909 0.909 0.909
-99.36 34.6081 208.32 0 299.88 0 1.1355 1.1355 1.1355
134.88 8.54296 68.64 0 320.76 0 1.0675 1.0675 1.0675
-238.56 31.2115 231.36 0 343.8 0 0.9235 0.9235 0.9235
88.32 13.3423 -59.52 0 51.84 0 1.085 1.085 1.085
-54.24 9.6555 20.64 0 211.32 0 1.183 1.183 1.183
-25.92 0.310117 -16.8 0 24.12 0 1.0695 1.0695 1.0695
-177.12 33.1895 132.96 0 110.88 0 1.0165 1.0165 1.0165
-179.04 32.4233 -228.48 0 1.44 0 1.1765 1.1765 1.1765
-101.76 -1.5376 -30.24 0 238.32 0 1.0995 1.0995 1.0995
-208.8 33.8321 -147.84 0 130.68 0 0.915 0.915 0.915
216 41.7676 -38.88 0 59.4 0 1.0265 1.0265 1.0265
-193.44 31.7027 -223.68 0 79.56 0 0.8765 0.8765 0.8765
-234.24 35.8153 -126.24 0 5.76 0 0.9735 0.9735 0.9735
-86.4 3.54947 126.24 0 195.12 0 0.9055 0.9055 0.9055
177.6 37.0455 194.4 0 275.04 0 1.0225 1.0225 1.0225
-219.36 30.8266 192 0 346.32 0 0.8535 0.8535 0.8535
163.68 35.9017 206.88 0 48.24 0 1.1895 1.1895 1.1895
-99.84 -0.259915 -20.64 0 20.88 0 1.0335 1.0335 1.0335
-24 34.1435 236.64 0 180 0 1.005 1.005 1.005
62.88 15.6034 -169.92 0 88.2 0 1.032 1.032 1.032
-40.8 -1.42969 -68.64 0 47.88 0 0.9765 0.9765 0.9765
-118.56 35.2318 192.48 0 333 0 1.0305 1.0305 1.0305
-69.12 8.8357 85.92 0 90.72 0 1.114 1.114 1.114
126.72 35.0864 225.12 0 180.72 0 1.1765 1.1765 1.1765
-174.72 11.3571 -24.96 0 196.2 0 0.954 0.954 0.954
15.84 1.95753 -84 0 12.24 0 1.15 1.15 1.15
157.92 14.2805 -59.52 0 339.84 0 0.8665 0.8665 0.8665
234.72 42.8573 -6.24001 0 325.08 0 1.019 1.019 1.019
107.52 36.0333 178.56 0 95.04 0 0.951 0.951 0.951
54.24 28.1446 -33.6 0 178.2 0 1.0965 1.0965 1.0965
100.8 29.0803 171.36 0 339.12 0 1.2825 1.2825 1.2825
-104.64 34.5425 232.8 0 247.68 0 0.961 0.961 0.961
134.4 35.1558 -180.96 0 284.76 0 1.1325 1.1325 1.1325
234.72 42.7843 -11.04 0 92.88 0 0.8415 0.8415 0.8415
-94.08 11.3255 36 0 29.16 0 1.239 1.239 1.239
199.68 38.1036 -196.8 0 119.16 0 1.118 1.118 1.118
106.56 8.76144 -52.8 0 231.48 0 1.082 1.082 1.082
1.44 5.07694 -52.8 0 160.56 0 0.8705 0.8705 0.8705
-11.52 -1.07832 -94.56 0 23.04 0 0.828 0.828 0.828
27.36 -2.82115 -116.16 0 95.04 0 0.987 0.987 0.987
112.32 33.7984 -222.24 0 132.84 0 1.201 1.201 1.201
-30.72 11.7143 55.68 0 245.52 0 1.1475 1.1475 1.1475
-138.72 34.0364 166.08 0 201.6 0 1.0585 1.0585 1.0585
-69.12 1.30793 -12 0 40.68 0 0.992 0.992 0.992
133.44 36.6318 -164.16 0 93.96 0 1.289 1.289 1.289
-206.88 32.5483 -167.52 0 259.56 0 1.1655 1.1655 1.1655
135.36 14.749 -100.8 0 162.72 0 1.287 1.287 1.287
-215.04 33.2042 153.6 0 235.44 0 1.2665 1.2665 1.2665
-202.56 35.1027 84.96 0 24.84 0 1.0595 1.0595 1.0595
-200.64 25.8412 -13.92 0 86.76 0 1.0725 1.0725 1.0725
-237.12 33.0018 -10.08 0 225.72 0 0.8815 0.8815 0.8815
12 -2.82217 -116.64 0 294.48 0 0.8505 0.8505 0.8505
88.32 24.855 -174.72 0 172.08 0 1.0685 1.0685 1.0685
73.44 6.28914 31.68 0 172.8 0 0.909 0.909 0.909
69.12 4.19776 109.92 0 193.32 0 1.271 1.271 1.271
-144 33.798 -224.64 0 205.2 0 1.24 1.24 1.24
-11.52 13.2664 65.28 0 295.2 0 0.8805 0.8805 0.8805
212.64 37.1997 141.12 0 282.6 0 0.968 0.968 0.968
109.44 14.8098 132 0 214.2 0 0.9555 0.9555 0.9555
50.88 35.2999 -237.6 0 165.6 0 1.284 1.284 1.284
151.68 37.5284 169.92 0 7.56 0 1.268 1.268 1.268
-190.08 18.6832 8.64 0 286.2 0 0.9935 0.9935 0.9935
-34.08 9.68728 100.8 0 16.92 0 1.128 1.128 1.128
98.4 7.41322 115.68 0 36 0 0.847 0.847 0.847
-120.96 2.09594 87.36 0 304.56 0 0.9915 0.9915 0.9915
-16.32 0.145731 -67.2 0 329.04 0 0.998 0.998 0.998
164.64 35.2562 -204.96 0 328.32 0 1.1485 1.1485 1.1485
-101.28 8.89129 54.72 0 14.4 0 0.9295 0.9295 0.9295
-176.16 33.1387 134.88 0 136.8 0 0.8115 0.8115 0.8115
131.52 35.6004 196.32 0 9.36 0 1.274 1.274 1.274
60.48 5.26364 -148.8 0 111.6 0 1.13 1.13 1.13
-236.64 33.9563 42.24 0 30.6 0 1.1075 1.1075 1.1075
159.84 37.9023 -133.44 0 349.92 0 1.1085 1.1085 1.1085
-60.96 32.9241 225.12 0 159.12 0 0.8265 0.8265 0.8265
173.28 36.1825 218.4 0 116.28 0 0.985 0.985 0.985
238.08 42.5351 -14.88 0 169.56 0 0.9225 0.9225 0.9225
-118.56 33.4492 -224.64 0 340.56 0 1.2435 1.2435 1.2435
231.84 37.4678 -142.56 0 327.24 0 1.188 1.188 1.188
165.12 40.055 130.08 0 7.56 0 0.8215 0.8215 0.8215
6.72 33.3403 -237.6 0 124.92 0 1.122 1.122 1.122
-228 31.2601 -205.44 0 306.72 0 0.872 0.872 0.872
-183.36 28.0074 85.92 0 118.8 0 0.814 0.814 0.814
105.12 6.39043 -76.32 0 144.72 0 1.0285 1.0285 1.0285
-36.48 33.3179 228.96 0 65.88 0 0.979 0.979 0.979
85.44 11.1493 -68.64 0 63 0 1.263 1.263 1.263
-85.44 10.868 152.16 0 252 0 0.902 0.902 0.902
147.84 35.2913 238.56 0 146.16 0 0.902 0.902 0.902
194.4 37.9582 -171.36 0 224.64 0 0.954 0.954 0.954
223.68 37.4291 91.2 0 184.32 0 1.1935 1.1935 1.1935
77.76 8.5866 -78.72 0 297.36 0 1.168 1.168 1.168
98.4 4.17334 28.8 0 117.72 0 1.115 1.115 1.115
-126.24 33.6082 -188.64 0 104.4 0 0.8955 0.8955 0.8955
202.84 38.1571 183.04 0 211.32 0 1.2346 1.2346 1.2346
-64.68 3.63517 -2.2 0 37.44 0 1.5772 1.5772 1.5772
44.44 10.8668 109.12 0 297 0 1.5136 1.5136 1.5136
-59.4 29.3375 196.68 0 228.24 0 1.5802 1.5802 1.5802
83.16 9.19878 -145.64 0 180.72 0 1.2268 1.2268 1.2268
-147.84 25.8906 137.28 0 308.88 0 1.4524 1.4524 1.4524
-18.48 10.0654 168.96 0 313.92 0 1.5244 1.5244 1.5244
-190.52 32.014 -81.4 0 126 0 1.0186 1.0186 1.0186
152.24 20.7645 -97.68 0 301.68 0 1.5994 1.5994 1.5994
178.64 36.0868 -218.24 0 181.08 0 1.1446 1.1446 1.1446
201.52 39.0134 50.16 0 168.48 0 1.4308 1.4308 1.4308
4.39999 20.0681 82.72 0 29.88 0 1.5028 1.5028 1.5028
33.88 10.0542 124.96 0 267.84 0 1.0804 1.0804 1.0804
143.44 33.7811 -218.24 0 205.56 0 1.3504 1.3504 1.3504
105.6 37.1019 184.8 0 39.96 0 1.5688 1.5688 1.5688
139.48 36.6665 153.12 0 327.24 0 1.5172 1.5172 1.5172
70.4 19.1495 168.52 0 40.68 0 1.3744 1.3744 1.3744
-111.76 -3.95332 -57.64 0 288.72 0 1.2358 1.2358 1.2358
71.28 4.50735 -90.64 0 296.64 0 1.2148 1.2148 1.2148
218.24 41.5234 40.04 0 210.6 0 1.2208 1.2208 1.2208
75.68 3.78618 77.44 0 272.52 0 1.4452 1.4452 1.4452
36.08 24.8375 -192.28 0 199.8 0 1.2568 1.2568 1.2568
-133.32 10.4402 -122.76 0 90.36 0 1.276 1.276 1.276
174.24 17.818 -25.52 0 261 0 1.4974 1.4974 1.4974
-182.6 22.1079 -67.76 0 346.32 0 1.2262 1.2262 1.2262
-126.72 2.73418 60.28 0 294.48 0 1.4194 1.4194 1.4194
83.6 23.9849 171.6 0 269.64 0 1.3936 1.3936 1.3936
-125.4 2.2662 75.24 0 183.6 0 1.099 1.099 1.099
144.32 7.47071 -44 0 45 0 1.3036 1.3036 1.3036
30.36 25.9663 190.96 0 223.2 0 1.1092 1.1092 1.1092
145.2 5.82518 -25.52 0 286.56 0 1.477 1.477 1.477
-22.44 20.241 189.64 0 86.4 0 1.0018 1.0018 1.0018
184.36 38.0298 -151.8 0 193.68 0 1.27 1.27 1.27
18.48 9.06058 -170.28 0 209.16 0 1.2196 1.2196 1.2196
44.88 22.8199 182.6 0 252 0 1.1614 1.1614 1.1614
-90.64 4.74448 2.2 0 242.28 0 1.3204 1.3204 1.3204
127.6 30.4072 -155.76 0 11.16 0 1.3042 1.3042 1.3042
101.64 14.6534 139.48 0 200.16 0 1.0792 1.0792 1.0792
216.04 38.2841 198.88 0 306 0 1.528 1.528 1.528
-198.44 34.7751 -75.68 0 315.72 0 1.3696 1.3696 1.3696
52.36 -1.14778 -128.48 0 104.4 0 1.4872 1.4872 1.4872
-81.84 -1.65487 -31.68 0 39.24 0 1.1788 1.1788 1.1788
18.48 8.64538 8.79999 0 153.72 0 1.0984 1.0984 1.0984
161.48 14.0328 -48.84 0 121.68 0 1.102 1.102 1.102
-136.4 3.30727 -95.92 0 261 0 1.5418 1.5418 1.5418
-24.64 0.718219 -12.76 0 24.84 0 1.0192 1.0192 1.0192
82.72 19.1642 -20.24 0 125.28 0 1.2946 1.2946 1.2946
52.36 8.01821 109.12 0 182.88 0 1.54 1.54 1.54
-121 12.8014 135.08 0 11.52 0 1.1668 1.1668 1.1668
-99.88 9.6422 -146.52 0 227.88 0 1.336 1.336 1.336
152.24 34.4204 -205.48 0 101.88 0 1.3726 1.3726 1.3726
14.08 27.2235 196.24 0 271.08 0 1.0006 1.0006 1.0006
-112.64 33.3223 -198.44 0 19.44 0 1.519 1.519 1.519
-165.44 9.46851 -54.12 0 137.16 0 1.1548 1.1548 1.1548
-96.8 10.3423 144.76 0 298.08 0 1.3864 1.3864 1.3864
106.48 34.1561 -210.76 0 272.52 0 1.1056 1.1056 1.1056
174.68 37.6336 174.24 0 232.2 0 1.264 1.264 1.264
-130.68 33.9733 -215.6 0 190.08 0 1.4074 1.4074 1.4074
72.6 16.2786 -167.2 0 356.04 0 1.1398 1.1398 1.1398
-46.64 5.34107 9.24001 0 304.2 0 1.3474 1.3474 1.3474
-195.36 34.3279 -76.12 0 167.76 0 1.2436 1.2436 1.2436
51.92 7.40824 32.56 0 226.8 0 1.1104 1.1104 1.1104
93.72 3.617 42.68 0 320.4 0 1.444 1.444 1.444
2.2 0.322428 -84.92 0 141.12 0 1.3186 1.3186 1.3186
182.16 38.5547 144.32 0 219.6 0 1.1218 1.1218 1.1218
-181.28 20.1973 -63.36 0 82.08 0 1.345 1.345 1.345
1.76001 5.52874 -50.16 0 284.76 0 1.2202 1.2202 1.2202
-193.16 34.4243 -110.44 0 190.08 0 1.4134 1.4134 1.4134
-184.36 33.0169 -144.76 0 170.28 0 1.0528 1.0528 1.0528
36.52 8.16059 -164.12 0 336.6 0 1.348 1.348 1.348
-20.68 0.378431 -36.08 0 0 0 1.725 1.725 1.725
-107.8 34.7727 180.4 0 0 0 2.04975 2.04975 2.04975
41.36 8.61926 124.08 0 0 0 1.3545 1.3545 1.3545
-45.32 12.0448 -177.32 0 0 0 1.581 1.581 1.581
154 19.8377 89.32 0 0 0 1.98225 1.98225 1.98225
143.88 4.39023 2.64 0 0 0 1.8735 1.8735 1.8735
-97.68 -1.6507 -111.76 0 0 0 1.491 1.491 1.491
-63.8 19.4767 179.96 0 0 0 1.824 1.824 1.824
-132.88 -1.42222 -44.44 0 0 0 2.04225 2.04225 2.04225
16.28 21.46 96.8 0 0 0 1.437 1.437 1.437
42.24 1.58351 -145.64 0 0 0 2.082 2.082 2.082
-65.56 11.883 24.2 0 0 0 1.422 1.422 1.422
-44.88 7.15974 16.72 0 0 0 1.392 1.392 1.392
-27.28 13.1125 75.24 0 0 0 1.64475 1.64475 1.64475
110.88 20.3861 146.08 0 0 0 1.93875 1.93875 1.93875
-56.76 30.141 -207.68 0 0 0 1.72875 1.72875 1.72875
33 29.8143 195.8 0 0 0 1.36725 1.36725 1.36725
153.12 18.8851 -89.32 0 0 0 1.44375 1.44375 1.44375
-72.6 -0.106302 -129.8 0 0 0 1.8975 1.8975 1.8975
-19.8 0.582419 -33.44 0 0 0 1.974 1.974 1.974
-178.64 33.0488 163.24 0 0 0 1.5345 1.5345 1.5345
10.12 10.4721 -23.32 0 0 0 2.0565 2.0565 2.0565
-206.36 34.3012 135.08 0 0 0 1.95675 1.95675 1.95675
121 11.2359 -107.36 0 0 0 1.7655 1.7655 1.7655
-131.56 20.4501 -144.76 0 0 0 1.374 1.374 1.374
179.52 29.0121 76.12 0 0 0 1.794 1.794 1.794
130.68 2.67284 2.2 0 0 0 1.80825 1.80825 1.80825
209.44 38.4407 -175.56 0 0 0 1.731 1.731 1.731
-70.84 -2.70127 -80.08 0 0 0 1.743 1.743 1.743
-184.36 25.2173 -74.8 0 0 0 1.96275 1.96275 1.96275
134.64 9.95783 76.56 0 0 0 1.8944 1.8944 1.8944
-2.64 6.73525 150.04 0 0 0 1.996 1.996 1.996
-74.36 -1.75902 -32.56 0 0 0 1.5832 1.5832 1.5832
-118.36 2.07833 2.2 0 0 0 1.4928 1.4928 1.4928
14.96 -2.98091 -119.24 0 0 0 1.2216 1.2216 1.2216
-132 2.87477 80.96 0 0 0 1.6512 1.6512 1.6512
123.64 21.3098 135.08 0 0 0 1.4976 1.4976 1.4976
-57.64 4.80903 107.36 0 0 0 1.3944 1.3944 1.3944
-176.44 32.5879 -212.08 0 0 0 1.5224 1.5224 1.5224
-142.12 8.22574 99.88 0 0 0 1.5936 1.5936 1.5936
57.2 7.8835 -156.64 0 0 0 1.7776 1.7776 1.7776
36.08 -2.71247 -124.96 0 0 0 1.8504 1.8504 1.8504
-201.96 32.6109 -50.6 0 0 0 1.3744 1.3744 1.3744
75.24 22.4544 172.48 0 0 0 1.7248 1.7248 1.7248
161.48 25.5449 -99 0 0 0 1.8376 1.8376 1.8376
-28.6 2.37846 2.64 0 0 0 1.912 1.912 1.912
33 15.0307 0.439987 0 0 0 1.5616 1.5616 1.5616
-206.36 29.791 -7.48 0 0 0 1.3256 1.3256 1.3256
-145.2 30.6953 147.84 0 0 0 1.4072 1.4072 1.4072
112.64 3.16429 22 0 0 0 1.928 1.928 1.928
-121.88 35.4272 215.6 0 0 0 0.5896 0.5896 0.5896
99.44 8.17971 -125.84 0 0 0 0.7296 0.7296 0.7296
113.52 7.84843 -99.88 0 0 0 0.83005 0.83005 0.83005
138.16 37.1777 173.8 0 0 0 0.72645 0.72645 0.72645
150.04 34.2701 -207.24 0 0 0 0.72995 0.72995 0.72995
9.24001 3.32796 -158.4 0 0 0 0.7177 0.7177 0.7177
-30.8 30.5734 -210.32 0 0 0 0.5392 0.5392 0.5392
29.48 10.4172 126.72 0 0 0 0.8227 0.8227 0.8227
-181.28 32.7022 -158.84 0 0 0 0.78455 0.78455 0.78455
99 36.5342 216.48 0 0 0 0.5406 0.5406 0.5406
95.48 3.61397 41.36 0 0 0 0.6939 0.6939 0.6939
45.32 15.4923 -65.56 0 0 0 0.79785 0.79785 0.79785
47.96 16.6342 -64.24 0 0 0 0.8332 0.8332 0.8332
176.88 38.767 -134.2 0 0 0 0.65085 0.65085 0.65085
115.28 23.3949 149.16 0 0 0 0.73625 0.73625 0.73625
54.12 7.99605 146.52 0 0 0 0.77685 0.77685 0.77685
140.36 20.3676 -113.96 0 0 0 0.63755 0.63755 0.63755
-197.56 31.4673 -204.16 0 0 0 0.61935 0.61935 0.61935
97.24 24.818 165.88 0 0 0 0.8157 0.8157 0.8157
-152.68 33.7802 -215.16 0 0 0 0.51855 0.51855 0.51855
118.36 14.1737 118.8 0 0 0 0.72505 0.72505 0.72505
-153.56 34.6958 219.12 0 0 0 0.70195 0.70195 0.70195
-149.6 2.39441 -31.24 0 0 0 0.5595 0.5595 0.5595
-210.76 32.5546 7.48001 0 0 0 0.73765 0.73765 0.73765
-114.4 0.909937 -9.24001 0 0 0 0.6974 0.6974 0.6974
-68.64 20.4863 -183.92 0 0 0 0.60955 0.60955 0.60955
-183.92 32.2776 -187.44 0 0 0 0.6386 0.6386 0.6386
-187.88 33.179 -145.2 0 0 0 0.6946 0.6946 0.6946
152.68 14.225 68.2 0 0 0 0.80275 0.80275 0.80275
-172.48 32.616 -160.6 0 0 0 0.6995 0.6995 0.6995
127.16 3.08345 -7.48 0 0 0 0.72925 0.72925 0.72925
65.56 5.18901 44.44 0 0 0 0.83635 0.83635 0.83635
-64.68 -2.45002 -66.44 0 0 0 0.5917 0.5917 0.5917
-203.28 31.2378 -209.44 0 0 0 0.58155 0.58155 0.58155
-93.72 12.4927 -156.2 0 0 0 0.7583 0.7583 0.7583
13.2 8.11713 140.8 0 0 0 0.5147 0.5147 0.5147
122.76 5.83398 -47.52 0 0 0 0.7863 0.7863 0.7863
28.16 9.0627 -168.08 0 0 0 0.605 0.605 0.605
-119.68 3.30032 14.96 0 0 0 0.77475 0.77475 0.77475
-138.16 1.83817 -84.48 0 0 0 0.58015 0.58015 0.58015
-106.04 6.11913 -134.2 0 0 0 0.6708 0.6708 0.6708
38.28 -2.70895 -121.44 0 0 0 0.6001 0.6001 0.6001
-15.84 4.10141 -162.36 0 0 0 0.76915 0.76915 0.76915
197.56 38.0385 168.08 0 0 0 0.6673 0.6673 0.6673
-55.44 -1.03202 -23.76 0 0 0 0.60535 0.60535 0.60535
-72.6 15.546 51.48 0 0 0 0.74815 0.74815 0.74815
185.68 37.8259 -163.68 0 0 0 0.6792 0.6792 0.6792
132.44 15.5091 -108.24 0 0 0 0.7639 0.7639 0.7639
-114.4 -3.82785 -57.2 0 0 0 0.794 0.794 0.794
89.32 17.1512 -29.04 0 0 0 0.53605 0.53605 0.53605
-153.56 32.2365 -153.56 0 0 0 0.8003 0.8003 0.8003
-215.6 33.1691 -29.04 0 0 0 0.7604 0.7604 0.7604
51.04 6.52069 40.48 0 0 0 0.7506 0.7506 0.7506
29.48 -2.83068 -117.04 0 0 0 0.81045 0.81045 0.81045
203.28 38.7251 -33.44 0 0 0 0.8234 0.8234 0.8234
-20.68 3.08541 8.79999 0 0 0 0.6967 0.6967 0.6967
-124.96 7.70305 118.36 0 0 0 0.76285 0.76285 0.76285
172.04 38.1676 161.92 0 0 0 0.84825 0.84825 0.84825
111.32 33.8041 -175.56 0 0 0 0.67745 0.67745 0.67745
96.8 34.6846 -209.88 0 0 0 0.66485 0.66485 0.66485
-163.68 32.4082 -154 0 0 0 0.6841 0.6841 0.6841
-64.68 30.3933 -205.48 0 0 0 0.73555 0.73555 0.73555
-53.68 14.0031 40.04 0 0 0 0.64175 0.64175 0.64175
173.8 18.3762 33.44 0 0 0 0.5434 0.5434 0.5434
-95.48 15.0632 -160.16 0 0 0 0.6701 0.6701 0.6701
180.4 37.8194 -160.16 0 0 0 0.5098 0.5098 0.5098
55 0.653279 -136.4 0 0 0 0.6813 0.6813 0.6813
-100.32 -4.20291 -66 0 0 0 0.84055 0.84055 0.84055
-143.44 35.2475 212.96 0 0 0 0.77825 0.77825 0.77825
170.72 27.3823 88 0 0 0 0.5175 0.5175 0.5175
16.72 9.99923 -172.48 0 0 0 0.82865 0.82865 0.82865
43.56 6.90666 40.92 0 0 0 0.7072 0.7072 0.7072
163.68 32.6966 114.4 0 0 0 0.8178 0.8178 0.8178
-81.84 26.1827 -186.12 0 0 0 0.66835 0.66835 0.66835
214.72 41.4655 -43.56 0 0 0 0.78875 0.78875 0.78875
-4.84 23.6993 -198.44 0 0 0 0.69075 0.69075 0.69075
-31.68 26.7691 -202.84 0 0 0 0.64665 0.64665 0.64665
-82.28 7.31111 -150.92 0 0 0 0.521 0.521 0.521
112.64 35.6535 219.56 0 0 0 0.8073 0.8073 0.8073
-161.92 6.26935 -29.92 0 0 0 0.7233 0.7233 0.7233
-164.12 16.225 89.76 0 0 0 0.5616 0.5616 0.5616
77.44 9.93939 -151.36 0 0 0 0.69075 0.69075 0.69075
91.96 8.51467 -73.04 0 0 0 0.5441 0.5441 0.5441
49.28 9.8909 78.76 0 0 0 0.63825 0.63825 0.63825
-132.44 34.0512 -205.04 0 0 0 0.62565 0.62565 0.62565
163.24 25.5827 94.6 0 0 0 0.8101 0.8101 0.8101
109.56 24.3953 -160.16 0 0 0 0.5357 0.5357 0.5357
-213.84 35.0765 -65.56 0 0 0 0.5273 0.5273 0.5273
-191.4 32.4337 -170.72 0 0 0 0.7058 0.7058 0.7058
-192.72 20.5817 14.08 0 0 0 0.8269 0.8269 0.8269
-194.48 33.5033 145.2 0 0 0 0.7758 0.7758 0.7758
209.44 37.62 100.76 0 0 0 0.507 0.507 0.507
210.32 42.864 16.72 0 0 0 0.74815 0.74815 0.74815
110.88 21.8003 -153.56 0 0 0 0.7436 0.7436 0.7436
33.44 10.0351 58.08 0 0 0 0.71945 0.71945 0.71945
-178.64 33.153 148.28 0 0 0 0.668 0.668 0.668
32.56 15.1913 76.12 0 0 0 0.67605 0.67605 0.67605
-177.76 33.163 144.76 0 0 0 0.59485 0.59485 0.59485
94.6 9.16188 -68.64 0 0 0 0.7471 0.7471 0.7471
-143.44 0.901427 -52.36 0 0 0 0.6015 0.6015 0.6015
34.8 2.09812 -149.6 0 0 0 1.0835 1.0835 1.0835
-102.4 8.77567 52.8 0 0 0 0.9521 0.9521 0.9521
108 8.47274 -114.4 0 0 0 1.1447 1.1447 1.1447
83.2 3.93025 108 0 0 0 1.08305 1.08305 1.08305
-98.8 -2.92687 -45.6 0 0 0 0.8504 0.8504 0.8504
62.8 8.177 -81.6 0 0 0 0.9782 0.9782 0.9782
-106.8 7.40799 28.8 0 0 0 0.9701 0.9701 0.9701
128.4 12.8872 99.6 0 0 0 0.8603 0.8603 0.8603
-68 12.0723 74.4 0 0 0 1.1645 1.1645 1.1645
128.4 17.1079 116 0 0 0 0.881 0.881 0.881
-117.6 -3.02773 -45.6 0 0 0 0.99305 0.99305 0.99305
193.2 37.9584 183.6 0 0 0 1.24415 1.24415 1.24415
-184.4 16.5506 25.2 0 0 0 1.10285 1.10285 1.10285
-125.6 9.75726 -128.4 0 0 0 1.10105 1.10105 1.10105
-156.8 27.7416 130.8 0 0 0 0.85895 0.85895 0.85895
116 26.0585 -158 0 0 0 0.8396 0.8396 0.8396
-168 33.5767 181.6 0 0 0 0.9701 0.9701 0.9701
33.6 -2.76288 -126 0 0 0 0.9215 0.9215 0.9215
172 39.5331 -121.2 0 0 0 1.20365 1.20365 1.20365
-171.2 15.7393 70 0 0 0 1.14695 1.14695 1.14695
-45 -0.681413 -20 0 10.8 0 0.8 0.8 0.8
-38.8053 -1.52414 -35.4784 0 27 0 1.7712 1.7712 1.7712
-66.7421 -1.82195 -32.8036 0 70.2 0 1.3368 1.3368 1.3368
-26.1028 -0.407573 -35.1303 0 268.2 0 1.7176 1.7176 1.7176
-56.1316 1.28396 -9.91003 0 180.36 0 1.376 1.376 1.376
-39.701 -1.40262 -30.8023 0 310.32 0 1.8112 1.8112 1.8112
-71.7187 -1.20561 -27.1698 0 293.4 0 1.32 1.32 1.32
-25.1828 1.5537 -3.6175 0 293.76 0 1.608 1.608 1.608
-62.6396 3.51542 -2.31822 0 170.64 0 1.9136 1.9136 1.9136
-28.3985 -0.286996 -23.5459 0 217.8 0 1.6256 1.6256 1.6256
-20.4141 1.13128 -13.5259 0 48.96 0 1.6608 1.6608 1.6608
-40.1706 -1.35343 -29.3932 0 225.36 0 1.1536 1.1536 1.1536
-38.1859 1.49689 -4.54557 0 24.84 0 1.4936 1.4936 1.4936
-33.9143 -1.04584 -30.2084 0 70.56 0 1.5232 1.5232 1.5232
-36.1603 1.17729 -6.0866 0 333.72 0 1.4816 1.4816 1.4816
-32.6089 -0.164646 -17.3947 0 113.76 0 1.0928 1.0928 1.0928
-59.6287 -1.89187 -33.5118 0 179.64 0 1.0736 1.0736 1.0736
-36.0544 0.201221 -12.9755 0 135.72 0 1.64 1.64 1.64
-52.0995 -0.983518 -23.0044 0 358.2 0 1.2405 1.2405 1.2405
-42.0628 -1.21661 -26.1828 0 66.6 0 1.0335 1.0335 1.0335
-39.9947 0.400364 -11.5467 0 136.08 0 1.0855 1.0855 1.0855
-32.994 -0.482627 -21.0968 0 188.64 0 1.046 1.046 1.046
55 6.32919 35 0 228.96 0 0.01 0.01 0.01
82.0419 5.23042 33.7242 0 157.68 0 1.8712 1.8712 1.8712
53.6803 14.2717 9.94674 0 282.24 0 1.2368 1.2368 1.2368
40.9878 7.06404 38.7136 0 160.92 0 1.5064 1.5064 1.5064
40.8135 9.30578 22.5422 0 30.24 0 1.8104 1.8104 1.8104
53.8391 6.41424 58.4593 0 106.56 0 1.9464 1.9464 1.9464
73.3037 5.01341 40.6909 0 241.2 0 1.7376 1.7376 1.7376
80.6829 4.46557 41.248 0 225.72 0 1.6968 1.6968 1.6968
47.6107 10.2296 20.5744 0 207.36 0 1.4568 1.4568 1.4568
42.9497 7.92414 29.8111 0 213.48 0 1.7072 1.7072 1.7072
38.1341 8.18961 27.1009 0 221.4 0 1.9064 1.9064 1.9064
62.4583 7.64958 29.2556 0 88.92 0 1.7936 1.7936 1.7936
53.5072 11.4369 17.2768 0 59.76 0 1.46 1.46 1.46
67.66 4.84421 47.0298 0 34.2 0 1.6352 1.6352 1.6352
75.0455 4.80768 41.5097 0 318.6 0 1.7472 1.7472 1.7472
66.5992 7.23972 29.8526 0 190.44 0 1.4504 1.4504 1.4504
65.4499 8.04591 26.7403 0 26.64 0 1.4328 1.4328 1.4328
46.8688 11.6753 15.9965 0 181.8 0 1.1256 1.1256 1.1256
51.6786 6.41198 41.5354 0 281.16 0 0.9985 0.9985 0.9985
48.3118 9.4881 23.2467 0 321.84 0 0.951 0.951 0.951
60.4584 6.83613 33.9057 0 10.44 0 0.989 0.989 0.989
41.7114 7.26043 35.1046 0 231.84 0 1.1445 1.1445 1.1445
10 20.9877 85 0 325.08 0 0.8 0.8 0.8
-4.06279 19.3667 91.641 0 321.48 0 1.296 1.296 1.296
11.5567 13.4325 61.6919 0 257.76 0 1.2208 1.2208 1.2208
-3.07459 18.5335 81.3149 0 279 0 1.7376 1.7376 1.7376
28.0599 18.2378 102.598 0 226.08 0 1.6096 1.6096 1.6096
19.7231 21.0878 95.8806 0 235.8 0 1.9504 1.9504 1.9504
-1.02462 16.9248 110.547 0 155.52 0 1.364 1.364 1.364
23.7792 15.3458 69.6761 0 210.6 0 1.4976 1.4976 1.4976
27.4944 19.3017 93.9086 0 186.84 0 1.2984 1.2984 1.2984
20.6154 18.8753 79.0361 0 0.72 0 1.7272 1.7272 1.7272
32.1406 17.7236 92.4987 0 132.84 0 1.3336 1.3336 1.3336
-5.62217 18.7148 96.6837 0 240.12 0 1.5224 1.5224 1.5224
-5.09573 15.0979 69.1893 0 171 0 1.5232 1.5232 1.5232
25.4381 17.6718 78.149 0 138.96 0 1.6488 1.6488 1.6488
20.1793 20.5693 86.5459 0 89.64 0 1.5104 1.5104 1.5104
12.1325 21.1021 100.978 0 41.76 0 1.1032 1.1032 1.1032
-4.66352 19.0263 96.2567 0 334.08 0 1.1528 1.1528 1.1528
-1.30669 19.8533 96.918 0 262.8 0 1.2392 1.2392 1.2392
1.63426 20.099 85.0659 0 23.4 0 1.1635 1.1635 1.1635
3.13929 20.7993 88.7277 0 358.56 0 1.3055 1.3055 1.3055
1.54484 17.5109 74.2853 0 51.84 0 0.931 0.931 0.931
3.52866 20.7875 87.9572 0 130.32 0 1.1245 1.1245 1.1245
-76.0356 15.2517 44.0067 0 73.8 0 1.6115 1.6115 1.6115
-79.2611 14.9103 48.5794 0 174.6 0 2.1812 2.1812 2.1812
-90.2485 11.0099 27.5548 0 9.36 0 1.8563 1.8563 1.8563
-68.1548 15.3281 57.2526 0 44.64 0 2.174 2.174 2.174
-75.7551 15.3584 48.2022 0 100.08 0 1.6412 1.6412 1.6412
-93.8681 9.68939 24.2173 0 354.24 0 1.7483 1.7483 1.7483
-81.3186 8.20518 12.2846 0 148.68 0 2.2208 2.2208 2.2208
-71.3007 14.0735 64.319 0 248.76 0 1.7825 1.7825 1.7825
-73.868 15.0719 39.5514 0 232.2 0 2.192 2.192 2.192
-97.6774 10.2691 52.5622 0 45 0 1.5116 1.5116 1.5116
-84.8852 9.77024 18.7656 0 72.36 0 1.985 1.985 1.985
-96.7099 8.92271 23.103 0 347.4 0 1.886 1.886 1.886
-45.6059 12.1895 37.7499 0 293.04 0 1.7996 1.7996 1.7996
-71.8289 11.7194 74.3693 0 227.16 0 1.6439 1.6439 1.6439
-101.13 9.57348 47.5107 0 98.64 0 1.4045 1.4045 1.4045
-88.5092 13.15 44.8518 0 72.72 0 2.1362 2.1362 2.1362
-56.1906 11.4175 25.8464 0 312.12 0 1.7204 1.7204 1.7204
-97.7759 7.91303 67.2639 0 100.44 0 2.0138 2.0138 2.0138
-82.8254 14.3071 48.7557 0 16.56 0 2.2136 2.2136 2.2136
-91.7544 12.2888 41.5051 0 307.08 0 1.6637 1.6637 1.6637
-61.8892 13.4686 69.5426 0 323.64 0 2.2577 2.2577 2.2577
-50.3104 14.3456 49.8682 0 54.36 0 1.7249 1.7249 1.7249
-100.13 9.83612 37.0574 0 236.52 0 1.535 1.535 1.535
-78.9692 14.9164 44.146 0 239.76 0 1.7393 1.7393 1.7393
-79.7054 14.8595 46.0902 0 75.6 0 1.8356 1.8356 1.8356
-65.651 15.7377 46.6006 0 121.32 0 1.4252 1.4252 1.4252
-67.3065 15.6471 44.1996 0 146.16 0 1.5998 1.5998 1.5998
-106.348 7.7932 31.9656 0 140.76 0 1.8887 1.8887 1.8887
84.7657 18.6141 -43.8128 0 210.6 0 2.2658 2.2658 2.2658
100.502 11.2961 -48.1996 0 75.24 0 1.5665 1.5665 1.5665
89.9975 15.9902 -21.4582 0 172.8 0 1.4045 1.4045 1.4045
66.4782 22.5867 -51.8671 0 230.4 0 2.2352 2.2352 2.2352
76.0505 17.4039 -58.741 0 9 0 1.6664 1.6664 1.6664
68.121 26.2657 -29.6889 0 207 0 1.5827 1.5827 1.5827
102.186 5.63718 -85.3076 0 75.6 0 1.7186 1.7186 1.7186
112.108 7.69913 -36.294 0 335.88 0 1.7996 1.7996 1.7996
65.4193 10.1981 -77.2477 0 153.72 0 1.7816 1.7816 1.7816
74.071 18.7962 -56.6711 0 29.16 0 1.6691 1.6691 1.6691
56.6132 13.676 -70.8289 0 179.64 0 2.1938 2.1938 2.1938
85.5663 16.0248 -53.6828 0 149.4 0 1.7771 1.7771 1.7771
94.4972 13.9156 -46.4317 0 289.08 0 1.5971 1.5971 1.5971
69.087 25.7178 -26.8407 0 244.8 0 1.6709 1.6709 1.6709
74.0807 23.567 -41.0434 0 281.16 0 1.7492 1.7492 1.7492
44.7131 18.6326 -59.3984 0 234.36 0 1.5467 1.5467 1.5467
68.2682 18.0632 -61.1371 0 304.92 0 1.7537 1.7537 1.7537
84.7865 16.7398 -52.171 0 115.56 0 1.6286 1.6286 1.6286
81.7215 12.605 -67.0375 0 2.52 0 1.9751 1.9751 1.9751
81.8018 17.8766 -52.164 0 269.28 0 1.9346 1.9346 1.9346
72.0789 19.6889 -55.7859 0 38.16 0 2.2055 2.2055 2.2055
87.1488 15.3072 -54.1429 0 302.04 0 1.5116 1.5116 1.5116
95.445 10.9322 -60.3945 0 311.4 0 1.9499 1.9499 1.9499
79.6605 18.2237 -53.5184 0 2.52 0 2.0525 2.0525 2.0525
51.8468 25.5169 -46.3913 0 275.4 0 2.2064 2.2064 2.2064
69.0352 26.0476 -30.8529 0 39.6 0 1.7798 1.7798 1.7798
43.5249 17.7037 -60.7146 0 66.24 0 1.7213 1.7213 1.7213
80.5524 17.9165 -53.4984 0 84.6 0 1.6106 1.6106 1.6106
79.9448 17.6053 -55.0579 0 290.88 0 2.2487 2.2487 2.2487
75.4937 22.4989 -43.792 0 107.28 0 1.6997 1.6997 1.6997
63.5515 19.4133 -59.7478 0 214.2 0 1.8878 1.8878 1.8878
89.7249 14.7393 -52.5044 0 175.32 0 1.5683 1.5683 1.5683
-25.066 -0.881814 -87.0316 0 33.12 0 1.4387 1.4387 1.4387
-0.513622 -2.34069 -113.391 0 150.12 0 1.8131 1.8131 1.8131
5.95206 -2.57796 -114.881 0 272.16 0 1.5053 1.5053 1.5053
13.6973 -0.308827 -94.1783 0 109.8 0 1.9796 1.9796 1.9796
9.66102 -0.128622 -91.6158 0 355.68 0 1.5836 1.5836 1.5836
18.1742 1.24043 -88.2914 0 316.08 0 1.6043 1.6043 1.6043
3.96927 -0.217264 -89.9195 0 254.16 0 1.6763 1.6763 1.6763
0.651613 -2.48435 -115.439 0 202.68 0 1.9238 1.9238 1.9238
0.90388 2.7328 -67.8836 0 140.04 0 1.9004 1.9004 1.9004
10.4484 -0.978602 -97.6256 0 60.48 0 1.688 1.688 1.688
-16.872 -0.164477 -73.8866 0 249.84 0 1.8464 1.8464 1.8464
-10.8279 -1.46599 -101.934 0 339.48 0 2.2307 2.2307 2.2307
-8.96369 0.276566 -76.956 0 133.56 0 1.8833 1.8833 1.8833
5.0542 -0.8307 -95.116 0 66.96 0 1.7465 1.7465 1.7465
-17.3223 -1.79719 -111.368 0 335.52 0 1.8932 1.8932 1.8932
-15.7311 0.0243958 -71.7263 0 221.4 0 2.0093 2.0093 2.0093
13.1312 -0.897728 -97.7259 0 5.04 0 1.8833 1.8833 1.8833
19.6084 1.40748 -88.2415 0 240.12 0 1.4693 1.4693 1.4693
-16.643 -0.42013 -80.0507 0 217.44 0 2.2199 2.2199 2.2199
12.157 4.61378 -70.9879 0 151.92 0 2.2586 2.2586 2.2586
4.20436 -2.73795 -118.539 0 229.32 0 1.499 1.499 1.499
-2.08099 2.22903 -67.3152 0 198.72 0 2.2523 2.2523 2.2523
1.79524 -2.48577 -114.936 0 147.24 0 2.0084 2.0084 2.0084
4.93779 -0.822251 -95.015 0 64.08 0 1.7114 1.7114 1.7114
-98 -4.41356 -83.698 0 0 0 1.1378 1.1378 1.1378
-91 -4.1732 -86.434 0 0 0 1.3028 1.3028 1.3028
-84 -3.73707 -86.182 0 0 0 1.2182 1.2182 1.2182
-77 -3.16514 -85.03 0 0 0 1.4336 1.4336 1.4336
-70 -2.64858 -86.344 0 0 0 1.1918 1.1918 1.1918
-63 -2.18107 -84.916 0 0 0 1.5284 1.5284 1.5284
-56 -1.78581 -85.09 0 0 0 1.3676 1.3676 1.3676
-49 -1.47532 -84.238 0 0 0 1.379 1.379 1.379
-42 -1.23862 -83.08 0 0 0 1.4996 1.4996 1.4996
-35 -1.05293 -87.136 0 0 0 1.2242 1.2242 1.2242
-28 -0.888665 -84.118 0 0 0 1.6364 1.6364 1.6364
-21 -0.678511 -82.534 0 0 0 1.5578 1.5578 1.5578
-14 -0.697266 -87.634 0 0 0 1.1324 1.1324 1.1324
-7 -0.49513 -87.754 0 0 0 1.4186 1.4186 1.4186
0 -0.0289396 -86.572 0 0 0 1.274 1.274 1.274
7 1.03342 -83.41 0 0 0 1.2416 1.2416 1.2416
14 1.59261 -84.682 0 0 0 1.2218 1.2218 1.2218
21 2.77562 -83.764 0 0 0 1.3346 1.3346 1.3346
28 3.57563 -84.52 0 0 0 1.472 1.472 1.472
35 4.47834 -84.802 0 0 0 1.4432 1.4432 1.4432
42 5.55012 -84.394 0 0 0 1.3484 1.3484 1.3484
49 4.89312 -87.616 0 0 0 1.373 1.373 1.373
56 6.39112 -85.174 0 0 0 1.2842 1.2842 1.2842
63 6.61722 -85.102 0 0 0 1.361 1.361 1.361
70 5.81143 -87.04 0 0 0 1.5866 1.5866 1.5866
77 6.87173 -83.5 0 0 0 1.4918 1.4918 1.4918
84 6.21475 -84.106 0 0 0 1.1702 1.1702 1.1702
91 5.74096 -84.37 0 0 0 1.1588 1.1588 1.1588
98 5.73876 -83.464 0 0 0 1.5146 1.5146 1.5146
-86.338 -3.8867 -84 0 0 0 1.1702 1.1702 1.1702
-82.738 -3.50303 -77 0 0 0 1.6106 1.6106 1.6106
-86.794 -3.63621 -70 0 0 0 1.5122 1.5122 1.5122
-84.778 -3.3694 -63 0 0 0 1.6916 1.6916 1.6916
-86.05 -3.21412 -56 0 0 0 1.2452 1.2452 1.2452
-82.156 -2.84896 -49 0 0 0 1.3622 1.3622 1.3622
-84.37 -2.50625 -42 0 0 0 1.595 1.595 1.595
-82.144 -1.95843 -35 0 0 0 1.3022 1.3022 1.3022
-86.44 -1.19164 -28 0 0 0 1.1192 1.1192 1.1192
-85.81 -0.183411 -21 0 0 0 1.3874 1.3874 1.3874
-82.684 1.10509 -14 0 0 0 1.523 1.523 1.523
-84.496 2.67262 -7 0 0 0 1.2686 1.2686 1.2686
-85.09 4.46455 0 0 0 0 1.2734 1.2734 1.2734
-86.842 6.31465 7 0 0 0 1.313 1.313 1.313
-83.746 8.54636 14 0 0 0 1.5476 1.5476 1.5476
-83.518 10.5075 21 0 0 0 1.4456 1.4456 1.4456
-84.43 12.053 28 0 0 0 1.1258 1.1258 1.1258
-86.974 12.8135 35 0 0 0 1.4648 1.4648 1.4648
-87.286 13.3551 42 0 0 0 1.1492 1.1492 1.1492
-82.75 14.3132 49 0 0 0 1.4312 1.4312 1.4312
-85.66 13.147 56 0 0 0 1.562 1.562 1.562
-85.834 11.991 63 0 0 0 1.4858 1.4858 1.4858
-86.722 10.2519 70 0 0 0 1.1342 1.1342 1.1342
-83.17 9.21727 77 0 0 0 1.4534 1.4534 1.4534
-84.178 7.08354 84 0 0 0 1.3034 1.3034 1.3034
83.836 6.25817 -84 0 0 0 1.6214 1.6214 1.6214
85.24 8.35171 -77 0 0 0 1.3988 1.3988 1.3988
86.02 10.5862 -70 0 0 0 1.3292 1.3292 1.3292
82.696 13.8915 -63 0 0 0 1.4798 1.4798 1.4798
82.978 16.2538 -56 0 0 0 1.4528 1.4528 1.4528
83.518 18.0696 -49 0 0 0 1.2542 1.2542 1.2542
85.726 18.4535 -42 0 0 0 1.5272 1.5272 1.5272
86.944 18.4384 -35 0 0 0 1.472 1.472 1.472
86.23 18.5969 -28 0 0 0 1.2518 1.2518 1.2518
87.226 17.2288 -21 0 0 0 1.3418 1.3418 1.3418
87.616 15.62 -14 0 0 0 1.1378 1.1378 1.1378
86.764 14.1538 -7 0 0 0 1.4882 1.4882 1.4882
84.832 12.772 0 0 0 0 1.6532 1.6532 1.6532
85.48 10.5001 7 0 0 0 1.3952 1.3952 1.3952
87.346 8.22586 14 0 0 0 1.127 1.127 1.127
87.238 6.73328 21 0 0 0 1.1 1.1 1.1
85.324 5.75099 28 0 0 0 1.5512 1.5512 1.5512
87.724 4.59238 35 0 0 0 1.1654 1.1654 1.1654
84.334 4.17636 42 0 0 0 1.1762 1.1762 1.1762
83.794 3.75261 49 0 0 0 1.5308 1.5308 1.5308
83.266 3.5093 56 0 0 0 1.193 1.193 1.193
83.464 3.37304 63 0 0 0 1.655 1.655 1.655
82.744 3.34899 70 0 0 0 1.1894 1.1894 1.1894
86.878 3.21226 77 0 0 0 1.4636 1.4636 1.4636
87.208 3.17294 84 0 0 0 1.6022 1.6022 1.6022
6.898 9.11814 -31.584 0 0 0 1.1334 1.1334 1.1334
10.732 10.9006 -26.286 0 0 0 0.6642 0.6642 0.6642
8.452 9.81197 -26.286 0 0 0 0.8592 0.8592 0.8592
11.404 11.2874 -28.74 0 0 0 0.7824 0.7824 0.7824
12.316 11.742 -28.716 0 0 0 0.7488 0.7488 0.7488
8.206 9.71257 -26.904 0 0 0 0.9036 0.9036 0.9036
-26.752 -0.681855 -63.156 0 0 0 0.9468 0.9468 0.9468
-27.274 -0.724528 -64.284 0 0 0 0.8256 0.8256 0.8256
-22.126 -0.300118 -63.984 0 0 0 0.9474 0.9474 0.9474
-23.98 -0.485074 -65.628 0 0 0 0.819 0.819 0.819
59.718 5.5982 45.052 0 0 0 0.7008 0.7008 0.7008
63.726 5.39375 43.606 0 0 0 1.0032 1.0032 1.0032
61.038 5.52006 44.632 0 0 0 0.627 0.627 0.627
-44.756 9.99103 27.834 0 0 0 1.0206 1.0206 1.0206
-44.666 10.262 29.076 0 0 0 0.9648 0.9648 0.9648
-46.37 10.4202 28.35 0 0 0 1.0242 1.0242 1.0242
-44.33 9.62848 26.652 0 0 0 0.7098 0.7098 0.7098
-47.018 10.313 27.396 0 0 0 0.7332 0.7332 0.7332
-43.616 10.4779 30.978 0 0 0 1.1484 1.1484 1.1484
25.864 13.1667 -58.168 0 0 0 0.7458 0.7458 0.7458
23.35 12.7322 -56.542 0 0 0 1.0788 1.0788 1.0788
21.796 11.5185 -58.306 0 0 0 0.9294 0.9294 0.9294
23.326 12.0835 -58.414 0 0 0 0.9108 0.9108 0.9108
38.524 19.3001 -54.534 0 0 0 0.9528 0.9528 0.9528
33.088 16.7381 -56.13 0 0 0 1.1604 1.1604 1.1604
34.636 17.4831 -55.692 0 0 0 0.7206 0.7206 0.7206
36.052 17.8912 -55.896 0 0 0 0.7104 0.7104 0.7104
34.312 15.9223 -59.028 0 0 0 0.9876 0.9876 0.9876
-25.602 7.77779 34.614 0 0 0 1.1994 1.1994 1.1994
-25.596 8.23277 37.152 0 0 0 0.6876 0.6876 0.6876
-21.186 7.59564 37.08 0 0 0 0.8184 0.8184 0.8184
-24.09 7.17989 32.556 0 0 0 0.6822 0.6822 0.6822
-21.174 7.45503 36.306 0 0 0 0.6228 0.6228 0.6228
-24.804 7.60931 34.356 0 0 0 0.9642 0.9642 0.9642
-53.744 2.85177 -2.656 0 0 0 0.9066 0.9066 0.9066
-52.286 1.85266 -6.418 0 0 0 0.84 0.84 0.84
-56.432 2.41672 -5.092 0 0 0 0.8412 0.8412 0.8412
-57.104 2.48136 -4.996 0 0 0 1.077 1.077 1.077
59.818 11.7229 16.03 0 0 0 0.7632 0.7632 0.7632
58.606 10.039 21.136 0 0 0 0.8724 0.8724 0.8724
58.282 11.167 17.782 0 0 0 1.1274 1.1274 1.1274
55.534 11.3663 17.434 0 0 0 0.6654 0.6654 0.6654
57.454 11.7483 16.24 0 0 0 0.7158 0.7158 0.7158
26.364 19.124 -31.872 0 0 0 0.9534 0.9534 0.9534
25.878 18.7541 -34.758 0 0 0 1.0296 1.0296 1.0296
31.512 21.6756 -33.216 0 0 0 0.81 0.81 0.81
27.726 19.8292 -30.264 0 0 0 0.8244 0.8244 0.8244
26.208 19.0317 -29.448 0 0 0 0.603 0.603 0.603
25.944 18.9074 -30.132 0 0 0 0.651 0.651 0.651
42.94 22.8758 -13.456 0 0 0 0.7224 0.7224 0.7224
42.388 23.2656 -15.07 0 0 0 1.0566 1.0566 1.0566
42.106 23.5778 -16.33 0 0 0 1.014 1.014 1.014
42.16 23.5368 -16.144 0 0 0 1.1376 1.1376 1.1376
-51.624 13.9517 42.212 0 0 0 1.083 1.083 1.083
-50.286 14.0509 45.332 0 0 0 0.8958 0.8958 0.8958
-50.946 14.243 46.346 0 0 0 1.1328 1.1328 1.1328
0 5.77374 -5 0 0 0 0.6 0.6 0.6
14.6403 9.00989 1.06696 0 0 0 1 1 1
18.9328 14.6082 -20.9311 0 167.1 0 0.8 0.8 0.8
18.8062 12.9074 -13.9866 0 317.52 0 0.01 0.01 0.01
-2.85422 5.09756 -22.5179 0 121.68 0 1.6816 1.6816 1.6816
25.2478 12.9064 -0.537619 0 116.28 0 1.2904 1.2904 1.2904
44.3717 22.8328 -12.3789 0 1.44 0 1.5936 1.5936 1.5936
20.7491 16.0074 -25.9579 0 165.6 0 1.848 1.848 1.848
13.6967 11.8664 -40.4417 0 30.24 0 1.7704 1.7704 1.7704
21.4942 8.98299 10.9087 0 259.92 0 1.4696 1.4696 1.4696
45.9449 21.6407 -8.45817 0 318.96 0 1.8248 1.8248 1.8248
11.5622 11.3328 -32.8516 0 130.32 0 1.216 1.216 1.216
32.1443 21.8878 -34.8374 0 190.44 0 1.7032 1.7032 1.7032
4.91051 8.05744 -21.8208 0 32.76 0 1.9568 1.9568 1.9568
15.076 10.414 -5.77181 0 235.44 0 1.2648 1.2648 1.2648
18.8126 11.9082 -5.98657 0 179.28 0 1.7112 1.7112 1.7112
9.98605 9.14003 -10.3512 0 318.6 0 1.68 1.68 1.68
11.6259 10.7764 -18.2759 0 307.44 0 1.748 1.748 1.748
21.3001 12.4818 -4.30047 0 339.84 0 1.1616 1.1616 1.1616
21.585 10.3115 5.01129 0 324.36 0 1.0872 1.0872 1.0872
18.4924 9.7522 3.4046 0 338.76 0 1.7776 1.7776 1.7776
6.99119 8.08161 -11.2491 0 73.8 0 1.063 1.063 1.063
31.8627 20.4807 -18.7316 0 79.92 0 1.3275 1.3275 1.3275
24.38 16.1013 -14.1444 0 303.48 0 1.0915 1.0915 1.0915
19.5365 12.3735 -6.80058 0 293.76 0 1.1685 1.1685 1.1685
10.3322 10.2812 -19.3132 0 74.88 0 2.0822 2.0822 2.0822
28.0767 15.134 -4.74321 0 241.92 0 1.8671 1.8671 1.8671
18.9464 11.9709 -6.03306 0 248.04 0 1.8815 1.8815 1.8815
0.739603 6.23497 -18.0185 0 324.36 0 1.9436 1.9436 1.9436
20.3405 8.64173 11.2839 0 295.2 0 1.6016 1.6016 1.6016
38.1128 20.5885 -10.7661 0 15.12 0 1.4693 1.4693 1.4693
15.2337 13.2142 -32.584 0 30.6 0 2.1317 2.1317 2.1317
27.0126 15.6215 -7.78133 0 293.04 0 1.6745 1.6745 1.6745
24.1274 9.53445 11.1751 0 327.6 0 1.7411 1.7411 1.7411
18.4556 12.4114 -9.0739 0 90 0 1.7393 1.7393 1.7393
49.122 20.4289 -4.5397 0 57.96 0 2.2343 2.2343 2.2343
23.3066 14.9113 -10.9972 0 65.16 0 1.5404 1.5404 1.5404
8.62448 7.8258 -4.06008 0 318.96 0 1.9652 1.9652 1.9652
-2.48776 5.26729 -29.1151 0 354.24 0 1.8302 1.8302 1.8302
42.3818 12.8248 11.6241 0 100.08 0 1.4594 1.4594 1.4594
21.4929 10.3813 4.60149 0 238.32 0 2.255 2.255 2.255
-2.70008 4.29743 4.29116 0 121.32 0 2.0318 2.0318 2.0318
39.1034 20.7052 -10.2403 0 323.28 0 1.5413 1.5413 1.5413
17.3326 12.4417 -11.7456 0 52.56 0 1.9949 1.9949 1.9949
-2.66003 4.25924 11.0324 0 180 0 1.6034 1.6034 1.6034
5.91763 7.68865 -11.363 0 209.52 0 1.6997 1.6997 1.6997
12.7854 9.54015 -5.72094 0 74.88 0 2.0849 2.0849 2.0849
22.2692 13.3565 -6.33939 0 133.92 0 1.9265 1.9265 1.9265
1.26539 5.52684 -3.49595 0 178.56 0 1.5836 1.5836 1.5836
24.6076 17.0415 -42.8864 0 350.64 0 1.8689 1.8689 1.8689
6.64839 7.99612 -11.6906 0 290.16 0 1.4018 1.4018 1.4018
8.49986 8.60999 -10.779 0 267.48 0 1.6565 1.6565 1.6565
17.9096 13.14 -14.2435 0 235.44 0 2.0579 2.0579 2.0579
-13.3952 3.54127 12.7476 0 0 0 3 0.1 3
-6.1867 5.15959 13.3528 0 0 0 4 2.5 0.25
8.45457 8.04716 3.45069 0 0 0 3.2 1.7 1.5
